	dataset	chebyshev	cid-minkowski_1	cid-minkowski_10	cid-minkowski_2	cid-minkowski_3	cid-minkowski_4	cid-minkowski_5	cid-minkowski_6	cid-minkowski_7	cid-minkowski_8	cid-minkowski_9	cort-minkowski_1	cort-minkowski_10	cort-minkowski_2	cort-minkowski_3	cort-minkowski_4	cort-minkowski_5	cort-minkowski_6	cort-minkowski_7	cort-minkowski_8	cort-minkowski_9	minkowski_1	minkowski_10	minkowski_2	minkowski_3	minkowski_4	minkowski_5	minkowski_6	minkowski_7	minkowski_8	minkowski_9
0	50words	0.257776450633	0.237037373226	0.271985096381	0.255359471495	0.281736944228	0.240628332366	0.256960447365	0.265364955264	0.247451942345	0.270523872972	0.260465504277	0.283033500895	0.243764487102	0.229261394508	0.26612637147	0.235774868426	0.270084687671	0.231986420188	0.262434315751	0.25252275085	0.289729768682	0.284320951804	0.260196735022	0.254239552442	0.23883198176	0.218820984328	0.263614091791	0.229840556624	0.253030123309	0.260910711699	0.263886016065
1	Adiac	0.196589589059	0.200968124737	0.178478190577	0.214979077764	0.181062137857	0.174179757451	0.224824964328	0.17743301838	0.185308546709	0.207389825304	0.193764537947	0.183084041007	0.191037623293	0.213128375494	0.182067873926	0.1983700876	0.187640255589	0.201806057046	0.19441216244	0.175348252033	0.196882594089	0.197324615492	0.181952633801	0.18515257938	0.209615803214	0.184073435514	0.198093936257	0.174121379595	0.192387475858	0.184390360879	0.196657740998
2	ArrowHead	0.389330410158	0.389330410158	0.389330410158	0.389330410158	0.389330410158	0.389330410158	0.389330410158	0.389330410158	0.389330410158	0.389330410158	0.389330410158	0.389330410158	0.389330410158	0.389330410158	0.389330410158	0.389330410158	0.389330410158	0.389330410158	0.389330410158	0.389330410158	0.389330410158	0.389330410158	0.389330410158	0.389330410158	0.389330410158	0.389330410158	0.389330410158	0.389330410158	0.389330410158	0.389330410158	0.389330410158
3	BeetleFly	-0.0444197667962	-0.0444197667962	0.208772903942	0.208772903942	-0.0532150776053	-0.0444197667962	-0.0110864745011	-0.0444197667962	-0.0110864745011	0.113333333333	0.0399777901166	-0.0532150776053	0.0399777901166	-0.0444197667962	-0.0133333333333	0.113333333333	0.208772903942	0.113333333333	-0.0444197667962	-0.0444197667962	0.113333333333	-0.0444197667962	-0.0444197667962	0.212271973466	0.113333333333	-0.0532150776053	0.113333333333	-0.0444197667962	0.0399777901166	0.0399777901166	0.0399777901166
4	CBF	0.0897625861035	0.0897625861035	0.143235176839	0.193140602294	0.114198947703	0.17366578655	0.17366578655	0.193140602294	0.324773580063	0.114198947703	0.193140602294	0.114198947703	0.143235176839	0.193140602294	0.337947912481	0.17366578655	0.114198947703	0.155160846075	0.17366578655	0.17366578655	0.143235176839	0.126091244475	0.17366578655	0.17366578655	0.126091244475	0.111105830918	0.126091244475	0.17366578655	0.114198947703	0.193140602294	0.17366578655
5	Car	0.115524188503	0.115524188503	0.161987915516	0.115524188503	0.119286827038	0.119286827038	0.119286827038	0.115524188503	0.119286827038	0.119286827038	0.119286827038	0.115524188503	0.119286827038	0.119286827038	0.119286827038	0.119286827038	0.119286827038	0.119286827038	0.107536139506	0.119286827038	0.143379882377	0.119286827038	0.115524188503	0.115524188503	0.119286827038	0.115524188503	0.119286827038	0.119286827038	0.10865203977	0.119286827038	0.119286827038
6	ChlorineConcentration	-0.00239515969809	-0.00239515969809	-0.00239515969809	-0.00239515969809	-0.00239515969809	-0.00239515969809	-0.00239515969809	-0.00239515969809	-0.00239515969809	-0.00239515969809	-0.00239515969809	-0.00239515969809	-0.00239515969809	-0.00239515969809	-0.00239515969809	-0.00239515969809	-0.00239515969809	-0.00239515969809	-0.00239515969809	-0.00239515969809	-0.00239515969809	-0.00239515969809	-0.00239515969809	-0.00239515969809	-0.00239515969809	-0.00239515969809	-0.00239515969809	-0.00110704476207	-0.00239515969809	-0.00239515969809	-0.00239515969809
7	CinC_ECG_torso	0.30249236354	0.271400029407	0.26410594638	0.295586347337	0.152765924432	0.147737458066	0.30041476348	0.31860898109	0.31860898109	0.266288654381	0.251830599923	0.266288654381	0.152765924432	0.211750096347	0.30249236354	0.158309424913	0.26410594638	0.314038466612	0.241132078779	0.279939098021	0.298068481124	0.295586347337	0.228823072274	0.26410594638	0.353022668914	0.353022668914	0.246179966044	0.216409109572	0.353022668914	0.275753447244	0.298591187428
8	Coffee	0.724705882353	0.724705882353	0.724705882353	0.724705882353	0.724705882353	0.856974690995	0.724705882353	0.724705882353	0.724705882353	0.724705882353	0.724705882353	0.724705882353	0.724705882353	0.724705882353	0.724705882353	0.724705882353	0.724705882353	0.724705882353	0.724705882353	0.724705882353	0.724705882353	0.724705882353	0.724705882353	0.856974690995	0.856974690995	0.724705882353	0.724705882353	0.724705882353	0.724705882353	0.856974690995	0.724705882353
9	Computers	-0.00230061587146	-0.00230061587146	-0.00230061587146	-0.00155742622158	-0.00230061587146	-0.00227682285162	-0.00230061587146	-0.00158223561222	-0.00230061587146	-0.00230061587146	-0.00230061587146	-0.00230061587146	-0.00286722148125	-0.00230061587146	-0.00230061587146	-0.00230061587146	-0.00230061587146	-0.00230061587146	-0.00338138243028	-0.00196968399418	-0.00230061587146	-0.00230061587146	-0.00286722148125	-0.00230061587146	-0.00230061587146	-0.00230061587146	-0.00230061587146	-0.00230061587146	-0.00230061587146	-0.00230061587146	-0.00230061587146
10	Cricket_X	0.108937795919	0.124864332261	0.103100984513	0.104606854678	0.124563060311	0.108069627799	0.127845658655	0.110661043663	0.11467788546	0.126730421665	0.112485784939	0.116876434886	0.111814152771	0.129278051684	0.0980849112183	0.115328755426	0.12497128122	0.11315132551	0.116738590214	0.136933476024	0.101025487949	0.124172103558	0.0966172130299	0.0998897453199	0.114921514258	0.118776443578	0.107174448678	0.116302192556	0.114263915851	0.127533357001	0.104515570375
11	Cricket_Y	0.101364969866	0.0925582289247	0.0948690082275	0.104284643016	0.102788035718	0.105587286511	0.0967998262817	0.105148006185	0.103756831431	0.117606279961	0.103004030619	0.0989495314043	0.0928453135014	0.102971093005	0.0982605965006	0.103883854961	0.089529410008	0.121037547998	0.1171694091	0.118172578918	0.0916076485276	0.0908214950738	0.101959389735	0.100615572843	0.097701306714	0.102749196257	0.0982479848194	0.098269243	0.12686447908	0.114761407857	0.0982379960805
12	Cricket_Z	0.102642464024	0.0914020809228	0.0967371772507	0.100997980282	0.10064510948	0.0937313242936	0.0846090024723	0.0920870739801	0.108117194835	0.0908016894893	0.0911405606561	0.105151316368	0.104708990925	0.108241926505	0.100125791813	0.0908318904771	0.10233298224	0.10739690165	0.0972439213273	0.104439507243	0.109076309308	0.0844054099383	0.100523664968	0.0939753957727	0.0970356918519	0.107649130953	0.102665006635	0.118007441534	0.0936198789491	0.0964993983636	0.0794393887897
13	DiatomSizeReduction	1.0	1.0	1.0	1.0	1.0	1.0	1.0	1.0	1.0	1.0	1.0	1.0	1.0	1.0	1.0	1.0	1.0	1.0	1.0	1.0	1.0	1.0	1.0	1.0	1.0	1.0	1.0	1.0	1.0	1.0	1.0
14	DistalPhalanxOutlineAgeGroup	0.188542122702	0.188542122702	0.188542122702	0.188542122702	0.188542122702	0.188542122702	0.188542122702	0.188542122702	0.197904288018	0.188542122702	0.188542122702	0.188542122702	0.188542122702	0.188542122702	0.188542122702	0.188542122702	0.188542122702	0.188542122702	0.188542122702	0.188542122702	0.188542122702	0.188542122702	0.197904288018	0.1895394268	0.188542122702	0.188542122702	0.188542122702	0.188542122702	0.188542122702	0.188542122702	0.188542122702
15	DistalPhalanxOutlineCorrect	0.0481647888519	0.0481647888519	0.0481647888519	0.0481647888519	0.0481647888519	0.0481647888519	0.0481647888519	0.0481647888519	0.0481647888519	0.0481647888519	0.0481647888519	0.0481647888519	0.0481647888519	0.0481647888519	0.0481647888519	0.0481647888519	0.0481647888519	0.0481647888519	0.0481647888519	0.0481647888519	0.0481647888519	0.0481647888519	0.0481647888519	0.0481647888519	0.0481647888519	0.0481647888519	0.0481647888519	0.0481647888519	0.0481647888519	0.0481647888519	0.0481647888519
16	DistalPhalanxTW	0.473880791768	0.49337112759	0.484570284591	0.476441016855	0.483672848363	0.486218563573	0.483908645796	0.473880791768	0.473880791768	0.484027943304	0.48448364221	0.473880791768	0.476865746162	0.483672848363	0.486218563573	0.48448364221	0.483908645796	0.474220038227	0.483672848363	0.483672848363	0.476441016855	0.491463025733	0.481998171843	0.481998171843	0.483672848363	0.474220038227	0.476441016855	0.482444625056	0.476441016855	0.486463406576	0.486218563573
17	ECG200	0.242077396953	0.242077396953	0.242077396953	0.242077396953	0.242077396953	0.242077396953	0.242077396953	0.242077396953	0.242077396953	0.242077396953	0.242077396953	0.242077396953	0.242077396953	0.242077396953	0.242077396953	0.242077396953	0.242077396953	0.242077396953	0.242077396953	0.242077396953	0.242077396953	0.242077396953	0.242077396953	0.242077396953	0.242077396953	0.242077396953	0.242077396953	0.242077396953	0.242077396953	0.242077396953	0.242077396953
18	ECG5000	0.44908950601	0.478001616863	0.466655655731	0.451525572846	0.445355902914	0.398069060447	0.476862829579	0.466980777607	0.398001249068	0.449414106012	0.462025293115	0.480429728817	0.478004670908	0.449948361262	0.455175369873	0.44474404757	0.480439217748	0.480429728817	0.447793372187	0.443303461933	0.482315869406	0.46404349252	0.481095523984	0.482862905505	0.451525572846	0.449152691633	0.464068374915	0.451525572846	0.480439217748	0.445680561028	0.489442913016
19	ECGFiveDays	-0.0433641589603	-0.0433641589603	-0.0433641589603	-0.0433641589603	-0.0433641589603	-0.0433641589603	-0.0433641589603	-0.0433641589603	-0.0433641589603	-0.0433641589603	-0.0433641589603	-0.0433641589603	-0.0433641589603	-0.0433641589603	-0.0433641589603	-0.0433641589603	-0.0433641589603	-0.0433641589603	-0.0433641589603	-0.0433641589603	-0.0433641589603	-0.0433641589603	-0.0433641589603	-0.0433641589603	-0.0433641589603	-0.0433641589603	-0.0433641589603	-0.0433641589603	-0.0433641589603	-0.0433641589603	-0.0433641589603
20	Earthquakes	0.00269146015525	0.044509008132	-0.00715672950512	0.000492927583415	0.0255565815524	-0.00575399161919	-0.00355734021972	-0.00325522393815	-0.00128794572657	0.0210447963865	-0.00450460777867	0.00894026053022	-0.00533753033902	-0.00305391411983	-0.00533753033902	-0.00279692826978	0.000980694081846	0.00178966890734	0.000484198639064	-0.00480710029471	0.000492927583415	-0.000209658864388	-0.00128794572657	-0.00605686036971	-0.00575399161919	-0.00279692826978	-0.0105128784305	-0.00325522393815	-0.00279692826978	0.000191940005262	0.00674682897341
21	FISH	0.183043151917	0.178813106664	0.183475595299	0.189812357296	0.191591338485	0.181910899647	0.17203589204	0.195071360086	0.20129887306	0.180935800605	0.191426546099	0.176830746341	0.197522166741	0.208709438878	0.182604910898	0.17151457143	0.17615731992	0.180444453389	0.182593652838	0.224101571557	0.183043361738	0.205414525241	0.212000475844	0.201219968584	0.18401211125	0.169951495589	0.177800045307	0.182729859594	0.174252540665	0.187216009501	0.176784328005
22	FaceFour	0.325490196078	0.28384279476	0.266375545852	0.28384279476	0.272727272727	0.305936073059	0.271111111111	0.271111111111	0.305936073059	0.305936073059	0.325490196078	0.289575289575	0.272727272727	0.272727272727	0.272727272727	0.272727272727	0.289575289575	0.305936073059	0.370212765957	0.325490196078	0.272727272727	0.272727272727	0.28384279476	0.305936073059	0.28384279476	0.28384279476	0.272727272727	0.272727272727	0.242798353909	0.324675324675	0.370212765957
23	FacesUCR	0.193902217188	0.286469255143	0.261458971622	0.231395627342	0.257473832881	0.197982500864	0.242585893045	0.219419600517	0.242009744241	0.231857934762	0.197033901727	0.214811508279	0.257311408164	0.228581421823	0.238909485405	0.238181665765	0.221549087751	0.191454664948	0.214158049328	0.241721912834	0.172110202634	0.21350669747	0.196887550983	0.26094393155	0.241194717485	0.24728327546	0.210051422708	0.211396479657	0.207189647458	0.311288490539	0.24143611106
24	FordA	-9.42354232345e-05	-0.000428019049846	-0.000480495848318	-0.000307873062402	-0.00048042785406	-0.000529105802212	-0.000528932291148	-0.000170182282194	-0.000427620483709	-0.000480495848318	-0.000529105802212	-0.00048042785406	-0.000480495848318	-0.000427620483709	-0.000480495848318	-0.000428019049846	-0.0004810022886	-0.000480495848318	-0.000427493880415	-0.000480645904645	-0.000480495848318	-0.000480495848318	-0.00048036454907	-0.000529016701928	-0.000480495848318	-0.000480727966717	-0.00048042785406	-0.000529105802212	-9.43971402068e-05	-9.43971402068e-05	-0.00048042785406
25	FordB	-3.80196540481e-05	-0.000739698732938	0.000528382082296	-0.00107944445946	-0.00121224431501	-0.000625075703815	-0.000204117759829	-0.000357660364151	0.000526715165171	-0.000203645121517	0.00389613699357	-0.00100923123098	-0.000845270727375	-0.000625910123358	-0.000498452598195	-0.000845660208851	-0.00101340491721	0.00354823358177	-0.000936617601954	0.00288909345763	-0.000204534794004	-0.000356492489961	-0.00108353497105	0.000327173872575	0.000740812669543	0.000139938916081	-0.000938147848819	0.00389613699357	-0.000627022684913	-0.000742953345393	-0.000845270727375
26	Ham	0.0285063708758	0.00507995402894	0.028567590251	0.00507995402894	0.0217743566164	0.0215561844681	0.0216557968681	0.0153979465249	0.0153263313646	0.0153263313646	0.0215561844681	0.0153979465249	0.0283980407693	0.0217743566164	0.0363297653612	0.0154886441082	0.0443263700359	0.015273806959	0.0283980407693	0.0217743566164	0.0215561844681	0.0215561844681	0.0283980407693	0.0217743566164	0.0283980407693	0.0217743566164	0.0283980407693	0.0216557968681	0.0153263313646	0.0215561844681	0.00978906741986
27	HandOutlines	0.283659283017	0.283659283017	0.283498499368	0.283659283017	0.283324771939	0.283659283017	0.283659283017	0.283659283017	0.283498499368	0.283659283017	0.283659283017	0.283659283017	0.283659283017	0.283498499368	0.283659283017	0.283659283017	0.283659283017	0.283659283017	0.283659283017	0.283659283017	0.283498499368	0.283659283017	0.283659283017	0.283659283017	0.283659283017	0.283659283017	0.283659283017	0.283659283017	0.283659283017	0.289417696013	0.283659283017
28	Haptics	0.0806278196669	0.0806278196669	0.0806278196669	0.0764613753611	0.0786257672849	0.0786257672849	0.0786257672849	0.0806278196669	0.066062670172	0.0786257672849	0.0806278196669	0.0806278196669	0.0786257672849	0.0786257672849	0.0806278196669	0.0806278196669	0.0786257672849	0.0786257672849	0.0764613753611	0.0786257672849	0.0786257672849	0.0764613753611	0.0764613753611	0.0786257672849	0.0786257672849	0.0806278196669	0.0786257672849	0.0806278196669	0.066062670172	0.0806278196669	0.0806278196669
29	Herring	-0.00851667849539	-0.00851667849539	-0.00851667849539	-0.00851667849539	-0.00851667849539	-0.00851667849539	-0.00851667849539	-0.00851667849539	-0.00851667849539	-0.00851667849539	-0.00851667849539	-0.00851667849539	-0.00851667849539	-0.00851667849539	-0.00851667849539	-0.00851667849539	-0.00851667849539	-0.00851667849539	-0.00851667849539	-0.00851667849539	-0.00851667849539	-0.00851667849539	-0.00851667849539	-0.00851667849539	-0.00851667849539	-0.00851667849539	-0.00851667849539	-0.00851667849539	-0.00851667849539	-0.00851667849539	-0.00851667849539
30	InlineSkate	0.029815166175	0.034554474056	0.036032889699	0.0420609716949	0.0418794890713	0.0570370218593	0.0420609716949	0.0302934715855	0.0432151804072	0.0420609716949	0.0441102028207	0.041969011821	0.0420609716949	0.041969011821	0.0181665441563	0.0380579927214	0.041969011821	0.0265092996653	0.0333316174873	0.0367822583848	0.0367822583848	0.0244100895037	0.036995103744	0.0390385090537	0.041969011821	0.0516458643775	0.035567182817	0.041969011821	0.0420609716949	0.0420609716949	0.030546051706
31	ItalyPowerDemand	0.00252152686499	0.00252152686499	0.00252152686499	0.00252152686499	0.00252152686499	0.00252152686499	0.00252152686499	0.00252152686499	0.00252152686499	0.00252152686499	0.00252152686499	0.00252152686499	0.00252152686499	0.00252152686499	0.00252152686499	0.00252152686499	0.00252152686499	0.00252152686499	0.00252152686499	0.00252152686499	0.00252152686499	0.00252152686499	0.00252152686499	0.00252152686499	0.00252152686499	0.00252152686499	0.00252152686499	0.00252152686499	0.00252152686499	0.00252152686499	0.00252152686499
32	LargeKitchenAppliances	0.0513980517705	0.0372840122232	0.0393948990712	0.0298443472193	0.02080170906	0.0385542430296	0.0228142671312	0.0479710513943	0.0526274414734	0.0211865583822	0.0413127176767	0.042193647605	0.0430809038586	0.0338123145566	0.027090127142	0.0434579075974	0.0247449378163	0.025746712932	0.0214679537376	0.0529757984137	0.0342283223964	0.0224289072517	0.0447670450896	0.0272305283959	0.0333447787203	0.0227525396153	0.0281541792405	0.0454141861646	0.0511596335228	0.0273838246344	0.0437212835618
33	Lighting2	0.0102252756031	-0.00612451912955	-0.00612451912955	0.0214987714988	-0.00612451912955	0.00102152871773	0.00102152871773	-0.00612451912955	-0.00612451912955	0.00102152871773	0.0102252756031	0.0102252756031	0.0102252756031	-0.00612451912955	0.0102252756031	0.00102152871773	0.0102252756031	0.0214987714988	-0.00612451912955	-0.00612451912955	0.00102152871773	-0.00612451912955	0.00102152871773	0.0102252756031	-0.00612451912955	-0.00612451912955	-0.00612451912955	0.0102252756031	0.0214987714988	-0.00612451912955	0.00102152871773
34	Lighting7	0.227250924929	0.260748918835	0.200620550317	0.335309060119	0.381328854953	0.222003044237	0.252993864278	0.239347309154	0.198808441817	0.215178222195	0.232676665242	0.264089454194	0.236589371694	0.239636919113	0.269226476913	0.270585721314	0.198503711941	0.349931146364	0.217137690542	0.200497629473	0.234917314045	0.172590875908	0.237109369679	0.205779158988	0.175299407516	0.211685279567	0.250412859366	0.200018802674	0.269393092344	0.184601508281	0.228048387477
35	MALLAT	0.860388499829	0.854502700518	0.770916145229	0.830253150604	0.714583518141	0.840932405542	0.829610198462	0.749162639509	0.860100112422	0.761833162928	0.735657155341	0.835993323456	0.847145443427	0.802412463981	0.743187079858	0.805602827595	0.829610198462	0.733243697845	0.776355827486	0.786814643035	0.778219000681	0.855896981672	0.745663943055	0.840932405542	0.854502700518	0.860100112422	0.778219000681	0.743044655106	0.854502700518	0.860100112422	0.854502700518
36	Meat	0.465426800191	0.465426800191	0.465426800191	0.465426800191	0.465426800191	0.465426800191	0.465426800191	0.465426800191	0.588962414554	0.465426800191	0.465426800191	0.465426800191	0.465426800191	0.465426800191	0.465426800191	0.588962414554	0.465426800191	0.465426800191	0.465426800191	0.465426800191	0.588962414554	0.465426800191	0.465426800191	0.465426800191	0.465426800191	0.465426800191	0.465426800191	0.465426800191	0.465426800191	0.465426800191	0.465426800191
37	MedicalImages	0.0402851006062	0.0562530796292	0.0382099461015	0.0250544620853	0.0346191322333	0.0387688832298	0.0442840930184	0.0413460205685	0.0429036794563	0.0454304110936	0.0428149218907	0.0536315328773	0.0432154196656	0.0453100521043	0.0409735130746	0.0367393586623	0.0444954295177	0.0374300131235	0.048632312605	0.0528666608653	0.0533524328729	0.0551748402418	0.0397606459508	0.0455325376206	0.0371232244692	0.0437160624885	0.0402989485151	0.0431376644417	0.0367791223189	0.0525282398528	0.05082989851
38	MiddlePhalanxOutlineAgeGroup	0.0497516649332	0.0497516649332	0.0497516649332	0.0497516649332	0.0490920742386	0.0490920742386	0.0490920742386	0.0497516649332	0.0490920742386	0.0137344180575	0.0490920742386	0.0490920742386	0.0490920742386	0.0490920742386	0.0490920742386	0.0128945643044	0.0490920742386	0.0497516649332	0.0497516649332	0.0490920742386	0.0497516649332	0.0497516649332	0.0490920742386	0.0490920742386	0.0490920742386	0.0490920742386	0.0137344180575	0.0137344180575	0.0490920742386	0.0490920742386	0.0137344180575
39	MiddlePhalanxOutlineCorrect	-0.000730127696076	-0.000741065245486	-0.000741065245486	-0.000741065245486	-0.000741065245486	-0.000741065245486	3.2900523151e-05	-0.000741065245486	-0.000741065245486	-0.000741065245486	-0.000741065245486	-0.000730127696076	-0.000741065245486	-0.000730127696076	-0.000730127696076	-0.000741065245486	-0.000741065245486	-0.000741065245486	-0.000741065245486	-0.000741065245486	-0.000741065245486	-0.000741065245486	-0.000741065245486	-0.000741065245486	-0.000730127696076	-0.000741065245486	-0.000741065245486	-0.000741065245486	-0.000741065245486	-0.000741065245486	-0.000741065245486
40	MiddlePhalanxTW	0.274537432806	0.274351862997	0.409373057904	0.417661885517	0.27225157319	0.269990341512	0.267786062137	0.293178905868	0.413988552842	0.411878421886	0.25603468594	0.42014092288	0.269990341512	0.267786062137	0.264475374052	0.271376082395	0.269724904754	0.247969481039	0.269724904754	0.270875561939	0.270875561939	0.293178905868	0.243876664998	0.27225157319	0.26872273879	0.408588635007	0.41637542687	0.269990341512	0.406298759264	0.246132408947	0.265164807945
41	MoteStrain	0.208772903942	0.324444444444	0.115299334812	0.115299334812	0.115299334812	0.115299334812	0.208772903942	0.115299334812	0.208772903942	0.115299334812	0.115299334812	0.208772903942	0.115299334812	0.115299334812	0.115299334812	0.115299334812	0.115299334812	0.115299334812	0.115299334812	0.115299334812	0.115299334812	0.115299334812	0.208772903942	0.115299334812	0.208772903942	0.115299334812	0.115299334812	0.208772903942	0.208772903942	0.115299334812	0.115299334812
42	NonInvasiveFatalECG_Thorax1	0.422950275494	0.397808539152	0.403234849728	0.427083681915	0.412881142168	0.437876705246	0.390234110387	0.396811802867	0.423328670724	0.433415746014	0.396768650996	0.424873315153	0.405153734332	0.393980861291	0.426929422188	0.41761579968	0.384076820894	0.418858831654	0.411987192341	0.434072889934	0.411178356525	0.429560525292	0.43473869299	0.427427099484	0.408197186644	0.425894305446	0.402324677454	0.419596497458	0.418569658215	0.407692580667	0.40325833008
43	NonInvasiveFatalECG_Thorax2	0.4977672608	0.488697575591	0.491289228471	0.464328202221	0.491999131871	0.494386395082	0.48988340774	0.471202723328	0.487391359139	0.474353920086	0.489775095519	0.471338191496	0.47569725439	0.467811377726	0.467989682372	0.489734735552	0.476977639672	0.459855803158	0.472116734265	0.4796365447	0.480686864402	0.491034372889	0.490103594039	0.498202065211	0.470785552025	0.484055370244	0.486042316203	0.527661370801	0.513177715116	0.494251839524	0.474470085231
44	OSULeaf	0.163481486365	0.161853873955	0.176016848424	0.152154060318	0.141478993509	0.138585688129	0.146954349359	0.158617966929	0.179963924461	0.14835421172	0.14840124327	0.148704428551	0.15308216809	0.135181469489	0.151554344013	0.146720452508	0.192385149079	0.143703038029	0.149998536754	0.146606326158	0.173681083053	0.148203626375	0.14003674356	0.159855602305	0.144139593073	0.193690655977	0.1536474765	0.148937569579	0.13800062676	0.152546425334	0.16877292188
45	PhalangesOutlinesCorrect	-0.00133771371202	-0.00133771371202	-0.00133771371202	-0.00133771371202	-0.00133771371202	-0.00136761359493	-0.00136761359493	-0.00136761359493	-0.00133771371202	-0.00136761359493	-0.00136761359493	-0.00133771371202	-0.00133771371202	-0.00136761359493	-0.00133771371202	-0.00136761359493	-0.00133771371202	-0.00133771371202	-0.00136761359493	-0.00133771371202	-0.00133771371202	-0.00136761359493	-0.00133771371202	-0.00133771371202	-0.00133771371202	-0.00133771371202	-0.00133771371202	-0.00136761359493	-0.00133771371202	-0.00133771371202	-0.00136761359493
46	Phoneme	0.0200378328043	0.0107616527226	0.00814958766336	0.0287482188179	0.0260949703118	0.0243723294103	0.00224465805842	0.0129577867961	0.015912303802	0.025242869027	0.0126356964963	0.0247194497773	0.0245165370221	0.0226881699704	0.0281369999978	0.0119582595103	0.0157234730721	0.0209442226999	0.0313561326435	0.012151219049	0.0183039233382	0.0155271195867	0.0167641233977	0.0148179236516	0.0229492916766	0.0452743750657	0.0278312585868	0.0261535383095	0.035241727838	0.0203151983937	0.0177333810868
47	Plane	0.821059603356	0.821059603356	0.821059603356	0.821059603356	0.821059603356	0.821059603356	0.821059603356	0.821059603356	0.821059603356	0.821059603356	0.821059603356	0.821059603356	0.821059603356	0.821059603356	0.821059603356	0.821059603356	0.825915727908	0.821059603356	0.821059603356	0.821059603356	0.821059603356	0.821059603356	0.821059603356	0.821059603356	0.821059603356	0.821059603356	0.821059603356	0.821059603356	0.821059603356	0.821059603356	0.821059603356
48	ProximalPhalanxOutlineAgeGroup	0.527067477838	0.527067477838	0.527067477838	0.527067477838	0.527067477838	0.527067477838	0.527067477838	0.527067477838	0.527067477838	0.527067477838	0.527067477838	0.527067477838	0.527067477838	0.527067477838	0.527067477838	0.527067477838	0.527067477838	0.527067477838	0.527067477838	0.527067477838	0.527067477838	0.527067477838	0.527067477838	0.527067477838	0.527067477838	0.527067477838	0.527067477838	0.527067477838	0.527067477838	0.527067477838	0.527067477838
49	ProximalPhalanxOutlineCorrect	0.057367385597	0.057367385597	0.057367385597	0.057367385597	0.057367385597	0.057367385597	0.0558011047687	0.057367385597	0.057367385597	0.057367385597	0.057367385597	0.057367385597	0.057367385597	0.057367385597	0.057367385597	0.057367385597	0.057367385597	0.0558011047687	0.057367385597	0.057367385597	0.057367385597	0.057367385597	0.057367385597	0.057367385597	0.0558011047687	0.057367385597	0.057367385597	0.057367385597	0.0558011047687	0.057367385597	0.057367385597
50	ProximalPhalanxTW	0.474614843537	0.44986551692	0.481942492567	0.473212942668	0.462461231545	0.480383794398	0.447239933279	0.442263540746	0.475305564872	0.458919613625	0.475305564872	0.473212942668	0.462536077715	0.462461231545	0.453877665741	0.424472434097	0.450374427147	0.475305564872	0.475305564872	0.482099489093	0.482813620756	0.462132036193	0.447239933279	0.432737613993	0.452512551288	0.458641143391	0.473212942668	0.475305564872	0.441936299957	0.475305564872	0.488773967042
51	RefrigerationDevices	0.000855075818384	0.0017633104287	0.00389002375065	-0.00379498601951	0.00224100735488	-0.00177349820718	-0.000798662592559	-0.0011152029328	-0.00384436114367	-0.00104351838473	-0.00184216928577	0.00172425894017	-0.000468945501318	-0.00140415087716	-0.000373135162452	0.000117843188741	0.00117947034464	-0.00359488927032	0.00831386540356	0.00253780453654	0.000275657684393	-0.00073839233349	-0.0027491366401	-0.000258095301177	0.00457755871447	0.00126368528134	-0.000307409655861	0.000406856054909	0.00317954821245	0.00330104934554	0.000362574540428
52	ScreenType	0.0279457860807	0.0194743583214	0.0226795324387	0.0225474018398	0.0251118126071	0.0226968065917	0.021268748653	0.0226795324387	0.0226353492047	0.0236735535779	0.0211428912469	0.0218644598904	0.0226795324387	0.0211418644001	0.0211418644001	0.0183076618584	0.0200098339294	0.0203115800915	0.0262290394696	0.0204395759346	0.0219918885785	0.0226795324387	0.0263804407004	0.0236443935889	0.0203055902005	0.0243913029802	0.0204395759346	0.0195707477173	0.029311062046	0.0215366146994	0.0210200224027
53	ShapesAll	0.341333287357	0.303484394041	0.315166140442	0.30105236072	0.326317788218	0.332214603692	0.301493483345	0.293178469531	0.306550414093	0.311785911889	0.329099633724	0.315331363698	0.307705559432	0.348145133528	0.27519486855	0.328776240796	0.31079488594	0.327941223706	0.345714075997	0.292429567648	0.319994342552	0.291154548771	0.362361115462	0.294139604785	0.289590906466	0.337302177623	0.300930724057	0.305640418958	0.322020544395	0.34363270749	0.296743154529
54	SmallKitchenAppliances	0.0130113327929	0.00864085998374	0.00879931281557	0.0143299710758	0.0201915252032	0.00775122850682	0.00632874518409	0.00627741960417	0.0111781522885	-0.00165135532801	0.0166438260939	0.00925701781288	0.0145427395485	0.00337132308697	0.00317736482587	0.00227855334325	0.00638763824692	0.0116716844934	0.00758739981188	0.00666658388387	-0.000395704782922	0.0108275178051	0.00211395817292	0.0193274010383	0.00228423400539	0.00802393187333	0.0174427812749	0.00583967681187	0.0140895504511	0.00990686652952	0.010581200688
55	SonyAIBORobotSurface	-0.00440528634361	-0.037049288786	-0.037049288786	-0.037049288786	-0.037049288786	-0.037049288786	-0.037049288786	-0.037049288786	-0.037049288786	0.037412314887	-0.037049288786	-0.037049288786	-0.037049288786	-0.037049288786	0.037412314887	0.037412314887	-0.037049288786	-0.00440528634361	-0.037049288786	-0.037049288786	-0.037049288786	-0.037049288786	-0.037049288786	-0.037049288786	-0.037049288786	-0.037049288786	-0.037049288786	-0.037049288786	-0.037049288786	-0.037049288786	-0.037049288786
56	SonyAIBORobotSurfaceII	0.373275330325	0.373275330325	0.373275330325	0.373275330325	0.373275330325	0.373275330325	0.373275330325	0.373275330325	0.373275330325	0.373275330325	0.373275330325	0.373275330325	0.373275330325	0.373275330325	0.373275330325	0.373275330325	0.373275330325	0.373275330325	0.373275330325	0.373275330325	0.373275330325	0.373275330325	0.373275330325	0.373275330325	0.373275330325	0.373275330325	0.373275330325	0.373275330325	0.373275330325	0.373275330325	0.373275330325
57	StarLightCurves	0.524104018747	0.524104018747	0.524104018747	0.524104018747	0.524104018747	0.524104018747	0.524104018747	0.524104018747	0.524104018747	0.524104018747	0.524104018747	0.524104018747	0.524104018747	0.524104018747	0.524104018747	0.524104018747	0.524104018747	0.524104018747	0.524104018747	0.524104018747	0.524104018747	0.524104018747	0.524104018747	0.524104018747	0.524104018747	0.524104018747	0.524104018747	0.524104018747	0.524104018747	0.524104018747	0.524104018747
58	Strawberry	-0.0201633552544	-0.0201633552544	-0.0201633552544	-0.0201633552544	-0.0201633552544	-0.0201633552544	-0.0201633552544	-0.0201633552544	-0.0201633552544	-0.0201633552544	-0.0201633552544	-0.0201633552544	-0.0201633552544	-0.0201633552544	-0.0201633552544	-0.0201633552544	-0.0201633552544	-0.0201633552544	-0.0201633552544	-0.0201633552544	-0.0201633552544	-0.0201633552544	-0.0201633552544	-0.0201633552544	-0.0201633552544	-0.0201633552544	-0.0201633552544	-0.0201633552544	-0.0201633552544	-0.0201633552544	-0.0201633552544
59	SwedishLeaf	0.258968808959	0.254900879401	0.270666408679	0.280552782396	0.286528578859	0.282028491117	0.269572148004	0.278408777892	0.264244055034	0.262393113893	0.277683375075	0.267346341021	0.276446963029	0.263094195306	0.279982515261	0.28243499595	0.278561132707	0.258980209237	0.25085074397	0.277284724386	0.299462770603	0.259896111429	0.308348957756	0.258839126024	0.280135650456	0.264121654262	0.279811160158	0.292681753263	0.271265576221	0.26993859013	0.269650665991
60	ToeSegmentation1	-0.0263157894737	-0.0236826524571	-0.0263157894737	-0.0236826524571	-0.0236826524571	-0.0236826524571	-0.0236826524571	-0.0263157894737	-0.0263157894737	-0.0157853196527	-0.0263157894737	-0.0236826524571	-0.0157853196527	-0.0160526315789	-0.0236826524571	-0.0263157894737	-0.0236826524571	-0.0236826524571	-0.0263157894737	-0.0160526315789	-0.0236826524571	-0.0236826524571	-0.0157853196527	-0.0263157894737	-0.0236826524571	-0.0231441909396	-0.0236826524571	-0.0263157894737	-0.0236826524571	-0.0236826524571	-0.0236826524571
61	ToeSegmentation2	-0.016333938294	-0.0261414178088	-0.016333938294	-0.0261414178088	-0.0261414178088	-0.0261414178088	-0.0294117647059	-0.0294117647059	-0.0261414178088	-0.0294117647059	-0.0294117647059	-0.0261414178088	-0.0261414178088	-0.0261414178088	-0.016333938294	-0.0261414178088	-0.0261414178088	-0.0261414178088	-0.0261414178088	-0.0294117647059	-0.0261414178088	-0.0261414178088	-0.0294117647059	-0.0294117647059	-0.0294117647059	-0.0261414178088	-0.0261414178088	-0.0261414178088	-0.0261414178088	-0.0294117647059	-0.0261414178088
62	Trace	0.331396723749	0.331396723749	0.331396723749	0.331396723749	0.331396723749	0.331396723749	0.331396723749	0.331396723749	0.331396723749	0.331396723749	0.331396723749	0.331396723749	0.331396723749	0.331396723749	0.331396723749	0.331396723749	0.331396723749	0.331396723749	0.331396723749	0.331396723749	0.331396723749	0.331396723749	0.331396723749	0.331396723749	0.331396723749	0.331396723749	0.331396723749	0.331396723749	0.331396723749	0.331396723749	0.331396723749
63	TwoLeadECG	0.0534979423868	0.0534979423868	0.0534979423868	0.0534979423868	0.0534979423868	0.0534979423868	0.0534979423868	0.0534979423868	0.0534979423868	0.0534979423868	0.0534979423868	0.0534979423868	0.0534979423868	0.0534979423868	0.0534979423868	0.0534979423868	0.0534979423868	0.0534979423868	0.0534979423868	0.0534979423868	0.0534979423868	0.0534979423868	0.0534979423868	0.0534979423868	0.0534979423868	0.0534979423868	0.0534979423868	0.0534979423868	0.0534979423868	0.0534979423868	0.0534979423868
64	Two_Patterns	0.0128535518536	0.0117626766355	0.0115090734124	0.0122539932027	0.0124778422141	0.0128910686297	0.0121582020919	0.0125849407065	0.0137438341083	0.0121608120787	0.0120403850427	0.0121970709089	0.0126968493936	0.0132619372047	0.0132735696816	0.014285626916	0.0126112424599	0.0121970709089	0.0124489327609	0.0117573197937	0.0131614803524	0.0139260130161	0.0125524445787	0.0111512265832	0.0117575638578	0.0114068245889	0.0121970709089	0.0123572690747	0.0132672763783	0.0125524445787	0.0119798421854
65	UWaveGestureLibraryAll	0.547734549328	0.550880489147	0.543821158214	0.548246762017	0.546750366805	0.543429052147	0.548189886152	0.550703697571	0.545498258558	0.530756986808	0.52911529302	0.538512665601	0.526714441327	0.548431331098	0.543531998583	0.54254147421	0.563759809107	0.543063352223	0.548069635249	0.558597224058	0.538213624315	0.545418126967	0.528547142397	0.536015248263	0.553599269845	0.5442966067	0.548483007591	0.553239355915	0.559569182937	0.53428695534	0.559308377604
66	Wine	-0.0132046724225	-0.0132046724225	-0.0132046724225	-0.0132046724225	-0.0132046724225	-0.0132046724225	-0.0132046724225	-0.0132046724225	-0.0132046724225	-0.0132046724225	-0.0132046724225	-0.0132046724225	-0.0132046724225	-0.0132046724225	-0.0132046724225	-0.0132046724225	-0.0132046724225	-0.0132046724225	-0.0132046724225	-0.0132046724225	-0.0132046724225	-0.0132046724225	-0.0132046724225	-0.0132046724225	-0.0132046724225	-0.0132046724225	-0.0132046724225	-0.0132046724225	-0.0132046724225	-0.0132046724225	-0.0132046724225
67	WordsSynonyms	0.156407342162	0.170211752644	0.141136878288	0.161852172284	0.14539665182	0.146098269076	0.139665652071	0.138047615736	0.163301970883	0.136067200311	0.152727640011	0.136213476758	0.155192884193	0.153693212849	0.143143733196	0.154853452622	0.144907523308	0.14546219521	0.13653440185	0.151082941939	0.144367950805	0.148292886787	0.146790912918	0.154046576835	0.141121326038	0.147465150747	0.156813912255	0.134671737714	0.139722774135	0.157368958071	0.150240564079
68	Worms	-0.00396316079872	-0.0161022762707	0.00944836471612	0.0122423966685	-0.000840031132907	-0.010529635656	-0.0168663735672	-0.0169023650601	-0.0208334295127	0.0170440728728	-0.00915453751679	-0.0237164926234	-0.0175686669381	0.000530246912354	-0.00171407544727	-0.000906013665706	0.0293144270842	-0.0138930549357	-0.0169382222366	-0.0081075106497	0.0277670741275	-0.0140587898628	0.00895119502736	-0.00228029960548	0.0239491617069	0.0135320291628	-0.0109503410124	-0.00616510696829	0.0281953119399	0.0166645479052	-0.00352645565862
69	WormsTwoClass	-0.011531583383	-0.0115835671631	-0.00474854306065	-0.00894288886148	-0.0116251580343	-0.0131067661753	-0.0130442827186	-0.0129922190587	-0.00878734622144	-0.0128881077914	-0.0115835671631	0.000750287781615	-0.0130442827186	-0.0116251580343	-0.00474854306065	-0.0131796732839	-0.0129193389245	-0.0131796732839	-0.00878734622144	-0.0131796732839	-0.0129505719836	-0.0115211872681	-0.0129922190587	-0.0129505719836	-0.0115835671631	-0.0115835671631	-0.00878734622144	-0.0129505719836	0.000750287781615	-0.011531583383	-0.0116771514329
70	synthetic_control	0.594052537618	0.594052537618	0.598422909161	0.594811879248	0.594052537618	0.594811879248	0.594052537618	0.575777590235	0.598422909161	0.586161156149	0.594052537618	0.594052537618	0.599179385832	0.594052537618	0.608376227697	0.608376227697	0.598422909161	0.594052537618	0.594052537618	0.594052537618	0.594811879248	0.594811879248	0.604850614614	0.599179385832	0.604850614614	0.594052537618	0.604850614614	0.594052537618	0.594052537618	0.594811879248	0.599179385832
71	uWaveGestureLibrary_X	0.343012044827	0.334962870689	0.347460210035	0.316353402107	0.31588877078	0.337911792807	0.331215804033	0.336512726461	0.347998168393	0.33386821624	0.327758810169	0.346368429279	0.324805910089	0.324750342284	0.324750342284	0.341924556678	0.339163715526	0.32768678211	0.330436924732	0.343012044827	0.318803138852	0.320612686459	0.339700304165	0.343012044827	0.344971516963	0.339366931678	0.347375235819	0.343104048327	0.325253727335	0.343012044827	0.329716623864
72	uWaveGestureLibrary_Y	0.343403098517	0.348157285253	0.348771831994	0.336462245671	0.357918005093	0.341853582313	0.348086802215	0.346936924623	0.348162651518	0.344191800018	0.34915647299	0.350197338509	0.347884392776	0.351636092621	0.347691438401	0.347526646759	0.348890904766	0.352688533698	0.350014417643	0.354238659969	0.347228334343	0.351328478933	0.356152268065	0.351825768926	0.344666107366	0.349375936377	0.349375936377	0.348117365727	0.349752191449	0.345756530689	0.347726673952
73	uWaveGestureLibrary_Z	0.327384829702	0.326668672133	0.314830975477	0.314810579385	0.328590256432	0.332644974594	0.324328028315	0.31638127394	0.328149382177	0.336827725725	0.330003897829	0.326141689283	0.323516917704	0.321767534586	0.330274121215	0.330923310845	0.322249625661	0.31221602506	0.314992883716	0.317856289169	0.320228406073	0.325376976373	0.339249171755	0.333275521217	0.323910641351	0.322793793961	0.316572066353	0.312871406595	0.323383095905	0.320385904931	0.323495350197
74	wafer	9.15386936255e-06	9.15386936255e-06	9.15386936255e-06	9.15386936255e-06	9.15386936255e-06	9.15386936255e-06	9.15386936255e-06	9.15386936255e-06	9.15386936255e-06	9.15386936255e-06	9.15386936255e-06	9.15386936255e-06	9.15386936255e-06	9.15386936255e-06	9.15386936255e-06	9.15386936255e-06	9.15386936255e-06	9.15386936255e-06	9.15386936255e-06	9.15386936255e-06	9.15386936255e-06	9.15386936255e-06	9.15386936255e-06	9.15386936255e-06	9.15386936255e-06	9.15386936255e-06	9.15386936255e-06	9.15386936255e-06	9.15386936255e-06	9.15386936255e-06	9.15386936255e-06
75	yoga	-0.00425894583173	-0.00425894583173	-0.00425894583173	-0.00425894583173	-0.00425894583173	-0.00425894583173	-0.00425894583173	-0.00425894583173	-0.00425894583173	-0.00425894583173	-0.00425894583173	-0.00425894583173	-0.00425894583173	-0.00425894583173	-0.00425894583173	-0.00425894583173	-0.00425894583173	-0.00425894583173	-0.00425894583173	-0.00425894583173	-0.00425894583173	-0.00425894583173	-0.00425894583173	-0.00425894583173	-0.00425894583173	-0.00425894583173	-0.00425894583173	-0.00425894583173	-0.00425894583173	-0.00425894583173	-0.00425894583173
