	dataset	chebyshev	cid-chebyshev	cid-minkowski_1	cid-minkowski_10	cid-minkowski_2	cid-minkowski_3	cid-minkowski_4	cid-minkowski_5	cid-minkowski_6	cid-minkowski_7	cid-minkowski_8	cid-minkowski_9	cort-chebyshev	cort-minkowski_1	cort-minkowski_10	cort-minkowski_2	cort-minkowski_3	cort-minkowski_4	cort-minkowski_5	cort-minkowski_6	cort-minkowski_7	cort-minkowski_8	cort-minkowski_9	minkowski_1	minkowski_10	minkowski_2	minkowski_3	minkowski_4	minkowski_5	minkowski_6	minkowski_7	minkowski_8	minkowski_9
0	50words	0.183834635683	0.303722661062	0.451071696328	0.312525201083	0.385768564181	0.356218128881	0.35579738197	0.334308297657	0.321466102228	0.312420831295	0.308384609212	0.308384609212	0.210509064316	0.296928068532	0.220328948568	0.278724239423	0.281730514646	0.265689233574	0.254104972597	0.241277522833	0.254381812371	0.233640854822	0.223247787808	0.28997202562	0.229642939586	0.263084667555	0.237131900436	0.27596546987	0.241175026794	0.242949392964	0.215562141844	0.214538029463	0.215073514199
1	Adiac	0.0265301324824	0.0265801784875	0.0283587953392	0.0275087378341	0.0222191902699	0.0247086893648	0.0269765743103	0.0276981651142	0.0267314466664	0.0272878561134	0.0261836212133	0.0261836212133	0.0225683173069	0.0226764980845	0.0232709614159	0.0208156263858	0.0251038323205	0.0230336248757	0.0257687741702	0.0261330336008	0.028021892037	0.024192351856	0.0232709614159	0.0219598443276	0.0274496743999	0.0233565986649	0.0240474321472	0.0251090628285	0.0255677825467	0.0241501169521	0.0275107334325	0.0274934607114	0.0257123316135
2	ArrowHead	0.211857974192	0.280306289254	0.389330410158	0.280306289254	0.254927726675	0.280306289254	0.280306289254	0.280306289254	0.280306289254	0.280306289254	0.280306289254	0.280306289254	0.280306289254	0.280306289254	0.280306289254	0.280306289254	0.280306289254	0.280306289254	0.280306289254	0.280306289254	0.280306289254	0.280306289254	0.280306289254	0.389330410158	0.211857974192	0.211857974192	0.211857974192	0.211857974192	0.211857974192	0.211857974192	0.211857974192	0.211857974192	0.211857974192
3	BeetleFly	-0.0306849315068	0.325942350333	0.464344941957	0.325942350333	0.325942350333	0.325942350333	0.325942350333	0.325942350333	0.325942350333	0.325942350333	0.325942350333	0.325942350333	0.121145374449	-0.0555555555556	0.0648999459167	-0.00440528634361	0.0442233278054	0.0442233278054	0.0442233278054	0.0442233278054	0.0442233278054	0.0648999459167	0.0648999459167	0.219178082192	0.115299334812	0.121145374449	0.121145374449	0.00653594771242	-0.0444197667962	0.115299334812	0.115299334812	0.115299334812	0.115299334812
4	CBF	0.0715810211788	0.249048234232	0.492514096831	0.237368653222	0.492514096831	0.492514096831	0.167515360424	0.167515360424	0.167515360424	0.167515360424	0.237368653222	0.237368653222	0.0715810211788	0.0542330232096	0.0715810211788	0.0542330232096	0.136877863309	0.0709062097068	0.0709062097068	0.0709062097068	0.0709062097068	0.0709062097068	0.0715810211788	0.0506754110103	0.108924118276	0.136877863309	0.136877863309	0.111843194385	0.111843194385	0.12289395441	0.0715810211788	0.0709062097068	0.108924118276
5	Car	0.0920212946952	0.0687493751572	0.114360439107	0.0687493751572	0.0350325072667	0.0362842683969	0.0973482427147	0.0735201223424	0.0687493751572	0.0687493751572	0.0687493751572	0.0687493751572	0.0920212946952	0.114360439107	0.0743414545413	0.111446759196	0.102971791644	0.102971791644	0.0776865212689	0.0776865212689	0.0743414545413	0.0743414545413	0.0743414545413	0.105407273413	0.0743414545413	0.114360439107	0.102971791644	0.102971791644	0.0776865212689	0.0776865212689	0.0776865212689	0.0776865212689	0.0743414545413
6	ChlorineConcentration	0.00493409226669	0.00745681760957	0.0100045091754	0.00745681760957	0.00745681760957	0.00745681760957	0.00745681760957	0.00745681760957	0.00745681760957	0.00745681760957	0.00745681760957	0.00745681760957	0.00745681760957	-0.0017805248815	0.00745681760957	0.0100045091754	0.00745681760957	0.00745681760957	0.00745681760957	0.00745681760957	0.00745681760957	0.00745681760957	0.00745681760957	-0.0017805248815	0.00493409226669	0.0100229568931	0.00493409226669	0.00493409226669	0.00493409226669	0.00493409226669	0.00493409226669	0.00493409226669	0.00493409226669
7	CinC_ECG_torso	0.0873860659433	0.239575646381	0.353663543727	0.0498300913991	0.368518138963	0.23308130309	0.23308130309	0.0498300913991	0.0498300913991	0.0498300913991	0.0498300913991	0.0498300913991	0.0737442109013	0.274812117456	0.0817465802845	0.183676832936	0.207270467087	0.0817465802845	0.0817465802845	0.0817465802845	0.0737442109013	0.0737442109013	0.0817465802845	0.202358411428	0.0185437359821	0.282000248787	0.212325051535	0.0856363538849	-0.00228292214034	0.068856003784	0.0521255022292	0.0521255022292	0.068856003784
8	Coffee	1.0	1.0	0.724705882353	1.0	1.0	1.0	1.0	1.0	1.0	1.0	1.0	1.0	0.724705882353	0.0247247440603	0.724705882353	0.492957746479	1.0	1.0	0.724705882353	0.724705882353	0.724705882353	0.724705882353	0.724705882353	0.492957746479	0.0106870229008	0.0106870229008	0.0106870229008	0.0106870229008	0.0106870229008	0.0106870229008	0.0106870229008	0.0106870229008	0.0106870229008
9	Computers	0.0	-0.000127502198513	0.0410298846263	0.0	0.0405177073579	0.0548948585754	0.029623177797	0.051497983553	0.051497983553	0.0	0.0	0.0	0.0	0.00360018504951	0.0	0.0168765073827	0.0	0.0	0.0	0.0	0.0	0.0	0.0	0.00578670215844	0.0	0.00480999812327	0.0	0.0	0.0	0.0	0.0	0.0	0.0
10	Cricket_X	0.00572384426727	0.0419809554596	0.0957613577658	0.039096456509	0.0821971386822	0.0776832257747	0.0665473587931	0.0437627005695	0.0354890444549	0.0453962524932	0.0441003093598	0.0456318255816	0.005695332869	0.0360304517819	0.005695332869	0.0381253381037	0.0334464195894	0.00552307714235	0.005695332869	0.005695332869	0.005695332869	0.005695332869	0.005695332869	0.0367270504267	0.0044859217652	0.039697405384	0.00794494832523	0.00524086360703	0.00590508773765	0.00510295044888	0.0044859217652	0.00391801901691	0.00391801901691
11	Cricket_Y	0.000644190131432	0.0351389128174	0.107390172463	0.0419358152553	0.116737738219	0.100557981037	0.0801257676358	0.0547911032544	0.0438657738911	0.040562396586	0.0459243973536	0.048519448842	0.00170046897304	0.0826650251135	0.0007150112605	0.0765853911119	0.0867358361455	0.00151540933361	0.00127501159414	0.00131810465308	0.00131810465308	0.00131810465308	0.0007150112605	0.0805703307005	0.000441337070818	0.0807256321839	0.058269800755	0.000641673999544	0.000717398934946	0.00130344536408	0.00130344536408	0.00130344536408	0.000441337070818
12	Cricket_Z	0.00434836239545	0.0531700528916	0.118501833037	0.057477580667	0.143686673698	0.0953397045989	0.0746937329965	0.0348378977796	0.0658704793537	0.03607340932	0.0653779730128	0.06724177164	0.00554681204488	0.0520242489816	0.00628154975533	0.0418103414301	0.0100378097433	0.00625240507006	0.00636041803813	0.00628965474924	0.00559592584813	0.00563988927905	0.00504120487502	0.0446846158435	0.00280649560321	0.0337983813277	0.00621581040745	0.00335394457245	0.00385884116156	0.00385884116156	0.00385884116156	0.00385884116156	0.00335394457245
13	DiatomSizeReduction	1.0	1.0	1.0	1.0	1.0	1.0	1.0	1.0	1.0	1.0	1.0	1.0	1.0	1.0	1.0	1.0	1.0	1.0	1.0	1.0	1.0	1.0	1.0	1.0	1.0	1.0	1.0	1.0	1.0	1.0	1.0	1.0	1.0
14	DistalPhalanxOutlineAgeGroup	0.196987015792	0.205234338156	0.183393704403	0.196894330808	0.215438100903	0.191955094596	0.191955094596	0.187510827471	0.19787469112	0.215438100903	0.218154278655	0.196894330808	0.200419003194	0.200419003194	0.230661919488	0.200419003194	0.200419003194	0.213531991887	0.213531991887	0.200419003194	0.200419003194	0.20457353968	0.20457353968	0.200419003194	0.230661919488	0.193140768649	0.193140768649	0.208918806041	0.230661919488	0.230661919488	0.230661919488	0.230661919488	0.230661919488
15	DistalPhalanxOutlineCorrect	0.00289750742374	0.00289750742374	0.00289750742374	0.00289750742374	0.00289750742374	0.00289750742374	0.00289750742374	0.00289750742374	0.00289750742374	0.00289750742374	0.00289750742374	0.00289750742374	0.00289750742374	0.00289750742374	0.00289750742374	0.00289750742374	0.00289750742374	0.00289750742374	0.00289750742374	0.00289750742374	0.00289750742374	0.00289750742374	0.00289750742374	0.00289750742374	0.00289750742374	0.00289750742374	0.00289750742374	0.00289750742374	0.00289750742374	0.00289750742374	0.00289750742374	0.00289750742374	0.00289750742374
16	DistalPhalanxTW	0.3475920466	0.367030059611	0.416951221191	0.361454118584	0.358737756786	0.334044788411	0.358520347854	0.366393639989	0.355048030992	0.361454118584	0.361454118584	0.361454118584	0.356277514548	0.417667405041	0.342487217067	0.342487217067	0.342487217067	0.344679490032	0.344679490032	0.344679490032	0.344679490032	0.342487217067	0.342487217067	0.337787564717	0.361442858516	0.356790099986	0.353703979876	0.352797706262	0.345887910102	0.345259351825	0.348043735783	0.348043735783	0.361314732785
17	ECG200	0.00274886433603	0.0492279586058	0.293648524655	0.293648524655	0.293648524655	0.293648524655	0.293648524655	0.293648524655	0.293648524655	0.293648524655	0.293648524655	0.293648524655	-0.00611104410405	0.293648524655	-0.00611104410405	0.269416838552	-0.0344000039182	0.00274886433603	-0.00611104410405	-0.00611104410405	-0.00611104410405	-0.00611104410405	-0.00611104410405	0.293648524655	-0.00611104410405	0.128061966736	0.128061966736	0.00274886433603	0.0122833684482	0.0122833684482	0.00274886433603	-0.00611104410405	-0.00611104410405
18	ECG5000	0.843273126823	0.872863632002	0.0169327185952	0.874925564402	0.867326919186	0.865709384934	0.873275645792	0.874925564402	0.867326919186	0.874925564402	0.874925564402	0.874925564402	0.878036765049	0.00840095415838	0.880493672831	0.864379526886	0.872863632002	0.858525001356	0.861616655762	0.875990627284	0.875990627284	0.874355943105	0.875990627284	-0.00817749948862	0.847554615901	0.851935332613	0.855282061315	0.838627556252	0.850908619094	0.824625681856	0.841479089685	0.842376847059	0.847554615901
19	ECGFiveDays	-0.044277673546	-0.044277673546	0.048275862069	-0.0433641589603	-0.0432989690722	-0.0433641589603	-0.0433641589603	-0.0433641589603	-0.0433641589603	-0.0433641589603	-0.0433641589603	-0.0433641589603	-0.044277673546	-0.0432989690722	-0.044277673546	-0.0433641589603	-0.0433641589603	-0.0433641589603	-0.0433641589603	-0.044277673546	-0.044277673546	-0.044277673546	-0.044277673546	0.048275862069	-0.0433641589603	-0.0432989690722	-0.0433641589603	-0.0433641589603	-0.0433641589603	-0.0433641589603	-0.0433641589603	-0.0433641589603	-0.0433641589603
20	Earthquakes	-0.00945979294217	-0.00945979294217	-0.0266672222512	-0.00945979294217	-0.00945979294217	-0.00945979294217	-0.00945979294217	-0.00945979294217	-0.00945979294217	-0.00945979294217	-0.00945979294217	-0.00945979294217	-0.00945979294217	-0.0183426646531	-0.00945979294217	0.029634184441	-0.00945979294217	-0.00945979294217	-0.00945979294217	-0.00945979294217	-0.00945979294217	-0.00945979294217	-0.00945979294217	-0.0183426646531	-0.00945979294217	0.00504524327499	-0.00945979294217	-0.00945979294217	-0.00945979294217	-0.00945979294217	-0.00945979294217	-0.00945979294217	-0.00945979294217
21	FISH	0.0514076420252	0.0545853222778	0.0685796219418	0.0429623720879	0.0528579332058	0.0371088917029	0.0669266057172	0.0411159127	0.0386600678625	0.0239709623651	0.0667990302483	0.0429021526129	0.0228338810456	0.0561745570288	0.0583529324158	0.0411624409873	0.0554126498924	0.0700992556287	0.0551560775767	0.060699521467	0.0658801813953	0.0658801813953	0.071369088035	0.055060422967	0.0602778209694	0.053171781537	0.0330359238944	0.0633932406452	0.0618354665551	0.0618354665551	0.0433460641749	0.0573691666146	0.0602778209694
22	FaceFour	0.136778115502	0.0747126436782	0.419087136929	0.0747126436782	0.0759878419453	0.0759878419453	0.0759878419453	0.252747252747	0.0747126436782	0.0747126436782	0.0747126436782	0.0747126436782	0.136778115502	0.351351351351	0.455252918288	0.351351351351	0.351351351351	0.455252918288	0.455252918288	0.455252918288	0.455252918288	0.455252918288	0.455252918288	0.410358565737	0.340909090909	0.289575289575	0.289575289575	0.455252918288	0.455252918288	0.455252918288	0.455252918288	0.455252918288	0.455252918288
23	FacesUCR	0.11563756441	0.208270005555	0.136759623202	0.185708352923	0.134657118105	0.19059096957	0.111145487688	0.171807753383	0.164999753709	0.150863325626	0.149131718846	0.161566278118	0.195179533015	0.204833734629	0.22949563812	0.296067271756	0.295449332853	0.258046411711	0.255964146753	0.24417826433	0.224411594822	0.21222186484	0.230287220423	0.0815245823284	0.134040823778	0.176081346569	0.170703044433	0.178250079409	0.118258123084	0.11477098973	0.119035194019	0.132131334193	0.131410991414
24	FordA	-0.000491747797774	-9.34453956647e-05	0.100480332513	-9.34453956647e-05	0.102412912921	-9.34453956647e-05	-9.34453956647e-05	-9.34453956647e-05	-9.34453956647e-05	-9.34453956647e-05	-9.34453956647e-05	-9.34453956647e-05	-0.000421277224503	0.00344928827038	-0.000491747797774	-0.000768157321852	-9.89603928565e-05	0.00640464246019	-0.000773890543826	0.00205563021284	-0.000540201256317	0.00309793678935	0.00498119132546	0.000439240631642	-9.03649713878e-05	0.0128141571359	0.000439650571707	0.00273582719779	-0.000890095738414	-0.000421277224503	-0.000491747797774	-0.000182295805012	-0.000816560186748
25	FordB	4.92598437489e-05	0.0154027394754	0.0180635253461	0.0166623296163	0.0173563054305	0.0179980425359	0.0173195142458	0.000110728711554	0.0154027394754	0.0160264253248	0.00825211181849	0.0166714246163	0.000107643569026	-0.000418708823591	-4.45370352426e-05	0.00299035864391	0.000775253765437	0.00184733990925	-0.000822625682739	-0.000950465351372	9.95681697582e-05	0.00018440680603	0.000270294328776	0.00259934316511	4.92598437489e-05	0.000135964552571	-0.000761149832218	5.54788173415e-05	0.000259190960922	0.000270294328776	0.000110728711554	0.000368391480382	0.000110728711554
26	Ham	0.00176474959132	-0.00352383552125	0.00421032927693	-0.00352383552125	0.00176474959132	0.0561754481136	0.000773404259715	-0.00352383552125	-0.00352383552125	-0.00352383552125	-0.00352383552125	-0.00352383552125	0.00176474959132	0.00176474959132	0.00176474959132	0.00176474959132	0.00176474959132	0.00176474959132	0.00176474959132	0.00176474959132	0.00176474959132	0.00176474959132	0.00176474959132	0.00176474959132	-0.00352383552125	0.00176474959132	0.00176474959132	0.0208103857671	-0.00352383552125	-0.00160994699559	-0.00160994699559	-0.00352383552125	-0.00352383552125
27	HandOutlines	0.0042230007566	0.0042230007566	0.0042230007566	0.0042230007566	0.0042230007566	0.0042230007566	0.0042230007566	0.0042230007566	0.0042230007566	0.0042230007566	0.0042230007566	0.0042230007566	0.0042230007566	0.0042230007566	0.0042230007566	0.0042230007566	0.0042230007566	0.0042230007566	0.0042230007566	0.0042230007566	0.0042230007566	0.0042230007566	0.0042230007566	0.0042230007566	0.0042230007566	0.0042230007566	0.0042230007566	0.0042230007566	0.0042230007566	0.0042230007566	0.0042230007566	0.0042230007566	0.0042230007566
28	Haptics	0.0308042328442	0.0299474196523	0.0239794490668	0.0609090350321	0.0239794490668	0.0209181515586	0.0179311449235	0.0179311449235	0.0171585847207	0.0171585847207	0.0171585847207	0.0171585847207	0.0329944659812	0.0267842607556	0.0472616342376	0.0286530083504	0.0165016543572	0.0165016543572	0.0165016543572	0.012020091994	0.0490696562903	0.0522791280788	0.0472616342376	0.0318404902645	0.0445219636534	0.0282662445405	0.0176953651784	0.0176953651784	0.0182533540343	0.0689231938897	0.0610062043878	0.0643252438636	0.0160173559715
29	Herring	-0.0111942685345	-0.0111942685345	-0.0111942685345	-0.0111942685345	-0.0111942685345	-0.0111942685345	-0.0111942685345	-0.0111942685345	-0.0111942685345	-0.0111942685345	-0.0111942685345	-0.0111942685345	-0.0111942685345	-0.0111942685345	-0.0111942685345	-0.0111942685345	-0.0111942685345	-0.0111942685345	-0.0111942685345	-0.0111942685345	-0.0111942685345	-0.0111942685345	-0.0111942685345	-0.00714474247072	-0.0111942685345	-0.0111942685345	-0.0111942685345	-0.0111942685345	-0.0111942685345	-0.0111942685345	-0.0111942685345	-0.0111942685345	-0.0111942685345
30	InlineSkate	-0.00324310839466	0.0217633622068	0.0354147103117	0.0228546334571	0.0254338837334	0.0258858771674	0.0255083675726	0.0246386480998	0.0246386480998	0.0255083675726	0.0263935695803	0.0228546334571	0.0154571215846	0.0370141187693	0.025531289991	0.0329903852073	0.0301037318568	0.0249973324781	0.0269960434918	0.025531289991	0.025531289991	0.025531289991	0.025531289991	0.0280080698639	0.025531289991	0.0275515623752	0.0301037318568	0.0293073924382	0.0271933410975	0.0253736171067	0.0253736171067	0.0253736171067	0.025531289991
31	ItalyPowerDemand	0.031351235576	0.00252152686499	0.031351235576	0.00252152686499	0.031351235576	0.031351235576	0.031351235576	0.031351235576	0.031351235576	0.031351235576	0.031351235576	0.00252152686499	0.031351235576	0.031351235576	0.031351235576	0.031351235576	0.031351235576	0.031351235576	0.031351235576	0.031351235576	0.031351235576	0.031351235576	0.031351235576	0.031351235576	0.031351235576	0.031351235576	0.031351235576	0.031351235576	0.031351235576	0.031351235576	0.031351235576	0.031351235576	0.031351235576
32	LargeKitchenAppliances	2.86744468469e-05	-0.00025364912886	-1.42225256362e-05	7.64549517168e-05	0.0116436625691	-1.00499916971e-05	-1.00499916971e-05	-0.000225718770991	-0.000167719817195	-0.000167719817195	-0.000167719817195	7.64549517168e-05	2.86744468469e-05	-1.42225256362e-05	2.86744468469e-05	0.0256652789485	2.86744468469e-05	2.86744468469e-05	2.86744468469e-05	2.86744468469e-05	2.86744468469e-05	2.86744468469e-05	2.86744468469e-05	-1.42225256362e-05	2.86744468469e-05	0.0596439802505	2.86744468469e-05	2.86744468469e-05	2.86744468469e-05	2.86744468469e-05	2.86744468469e-05	2.86744468469e-05	2.86744468469e-05
33	Lighting2	-0.0165494414564	-0.0587933686549	-0.0218556701031	-0.0475586556753	-0.0396203162283	-0.039510044096	-0.039510044096	-0.0587933686549	-0.039510044096	-0.039510044096	-0.039510044096	-0.0475586556753	-0.0165494414564	0.18321654418	-0.0165494414564	0.085432102041	-0.0165494414564	-0.0165494414564	-0.0165494414564	-0.0165494414564	-0.0165494414564	-0.0165494414564	-0.0165494414564	0.18321654418	-0.0165494414564	0.085432102041	-0.0165494414564	-0.0165494414564	-0.0165494414564	-0.0165494414564	-0.0165494414564	-0.0165494414564	-0.0165494414564
34	Lighting7	0.0534849900795	0.138207227656	0.302961790167	0.132969073659	0.1908923952	0.141859112214	0.0728957412821	0.0728957412821	0.0728957412821	0.0728957412821	0.132969073659	0.132969073659	0.0768683962135	0.268384889348	0.0768683962135	0.174045959879	0.0948513700233	0.0948513700233	0.0768683962135	0.0768683962135	0.092034217322	0.0768683962135	0.0768683962135	0.308064642632	0.0768683962135	0.153448571571	0.0865894562437	0.0865894562437	0.0586186308113	0.0586186308113	0.0471052744073	0.0471052744073	0.0623679427445
35	MALLAT	0.513484916175	0.537828541573	0.674304692477	0.51981610876	0.703598934567	0.703598934567	0.703598934567	0.654919236417	0.537828541573	0.537828541573	0.654919236417	0.654919236417	0.513484916175	0.615949170668	0.594278922995	0.594278922995	0.594278922995	0.594278922995	0.594278922995	0.594278922995	0.594278922995	0.594278922995	0.594278922995	0.63307622959	0.519060951971	0.63307622959	0.63307622959	0.600867568257	0.513484916175	0.513484916175	0.513484916175	0.513484916175	0.519060951971
36	Meat	0.538795917987	0.538795917987	0.538795917987	0.538795917987	0.538795917987	0.538795917987	0.538795917987	0.538795917987	0.538795917987	0.538795917987	0.538795917987	0.538795917987	0.538795917987	0.538795917987	0.538795917987	0.538795917987	0.538795917987	0.538795917987	0.538795917987	0.538795917987	0.538795917987	0.538795917987	0.538795917987	0.538795917987	0.538795917987	0.538795917987	0.538795917987	0.538795917987	0.538795917987	0.538795917987	0.538795917987	0.538795917987	0.538795917987
37	MedicalImages	0.170626007532	0.063636116686	0.00712669610554	0.0196179251362	0.079360523834	0.0265183126735	0.0745373999821	0.0357897491426	0.0396355892627	-0.0183740403119	0.0787015084082	0.00666673285895	0.172354495808	-0.0934867933638	0.169591756708	-0.0388361912379	0.0523220649868	0.000297614782541	0.00573329046082	0.0962570151379	0.156884202468	0.156884202468	0.169591756708	-0.0600115392365	0.0251729142877	-0.0471158660726	0.124519527624	0.16811484183	0.176918904385	0.181291217574	0.199003215524	0.0251729142877	0.0251729142877
38	MiddlePhalanxOutlineAgeGroup	0.0489677647128	0.0464217035522	0.0436213921963	0.0495010737237	0.043519156968	0.0476551138134	0.0476551138134	0.0483789137949	0.0495010737237	0.0384017617424	0.0438106650689	0.0495010737237	0.0459477906041	0.043519156968	0.0473980248208	0.0436213921963	0.0441189077972	0.0450131128658	0.0441189077972	0.0441189077972	0.0426282009108	0.0426282009108	0.0426282009108	0.043519156968	0.0459861883626	0.0476551138134	0.0441189077972	0.0476551138134	0.0441189077972	0.0441189077972	0.0459861883626	0.0459861883626	0.0459861883626
39	MiddlePhalanxOutlineCorrect	0.00460127791153	0.00549450135828	0.00549450135828	0.00505124636486	0.00748806586259	0.00549450135828	0.00748806586259	0.00445807066609	0.00359647579241	0.00748806586259	0.00748806586259	0.00748806586259	0.00460127791153	0.00460127791153	-0.000988735591173	0.00225377671517	0.00225377671517	0.00748806586259	0.00225377671517	0.00225377671517	0.00225377671517	0.00460127791153	0.00225377671517	0.00225377671517	0.00704245052652	0.00460127791153	0.00704245052652	0.00549450135828	0.00225377671517	0.00460127791153	0.00225377671517	0.00225377671517	0.00225377671517
40	MiddlePhalanxTW	0.382836075991	0.397175459244	0.401587841785	0.406645578439	0.391282811181	0.391282811181	0.392226833889	0.390804629248	0.376449715348	0.376449715348	0.389618097133	0.400820052069	0.381847153154	0.40642865616	0.402948842409	0.389601324498	0.389601324498	0.391275696636	0.391275696636	0.408704127684	0.408704127684	0.402787133285	0.402948842409	0.406129826808	0.402130347139	0.388164806889	0.389601324498	0.393211227013	0.393211227013	0.404710557201	0.404710557201	0.405155869984	0.40434071458
41	MoteStrain	0.0	-0.0555555555556	-0.0444197667962	-0.0444197667962	-0.0398009950249	-0.0532150776053	-0.0532150776053	-0.0532150776053	-0.0444197667962	-0.0444197667962	-0.0444197667962	-0.0444197667962	0.0	0.212271973466	0.0	0.0	0.0	0.0	0.0	0.0	0.0	0.0	0.0	0.212271973466	0.0	0.0	0.0	0.0	0.0	0.0	0.0	0.0	0.0
42	NonInvasiveFatalECG_Thorax1	0.174155875053	0.177156676327	0.123631920807	0.191289371833	0.185526779529	0.17964993933	0.141163447661	0.178384223382	0.17890296661	0.183340911689	0.188776528546	0.182537004423	0.152319744449	0.0817113797337	0.184347608729	0.124615874942	0.162973980952	0.171463893442	0.17131997173	0.171025342399	0.180260314126	0.181916014819	0.14798743052	0.0920605812932	0.156418266742	0.130218784866	0.178681734136	0.183222997875	0.173944646217	0.176155688925	0.155712509045	0.18219569121	0.185121260544
43	NonInvasiveFatalECG_Thorax2	0.250778939027	0.247542751688	0.149972952093	0.255066144966	0.247343800586	0.247560648959	0.247828255534	0.3179284045	0.240425797544	0.236350824557	0.312052469667	0.259170274015	0.250364858112	0.160646207375	0.253342067746	0.187145596455	0.24543528647	0.260179065506	0.254198551859	0.256588703211	0.261926028456	0.253149010848	0.251078368768	0.154728543279	0.25290999021	0.196260031657	0.256097914682	0.229300832634	0.232150965737	0.306311611224	0.232641836471	0.243307856322	0.269103188026
44	OSULeaf	0.00188966886419	0.270210315806	0.300912434337	0.244941830098	0.328126522445	0.36453096165	0.350877173073	0.348645355107	0.316652422582	0.29470676126	0.316652422582	0.316652422582	0.0454562216393	0.00749526680541	-0.000378394046742	0.0124810811989	-0.00663110392783	0.0333337308281	0.0316988829833	-0.00500073240004	0.0109451908279	0.0147059680984	0.0147059680984	0.0154672317442	0.0114205259726	0.0326367076341	-0.00593594192226	-0.00511303124309	-0.00770600112408	0.0239284819411	-0.00624378303419	0.00169241896404	0.000353495804827
45	PhalangesOutlinesCorrect	0.00096227751053	0.00096227751053	0.00096227751053	0.00096227751053	0.00096227751053	0.00096227751053	0.00096227751053	0.00096227751053	0.00096227751053	0.00096227751053	0.00096227751053	0.00096227751053	0.00096227751053	0.00192659781174	0.00096227751053	0.00192659781174	0.00192659781174	0.00192659781174	0.00192659781174	0.00192659781174	0.00192659781174	0.00096227751053	0.00096227751053	0.00096227751053	0.00096227751053	0.00096227751053	0.00096227751053	0.00096227751053	0.00096227751053	0.00096227751053	0.00096227751053	0.00096227751053	0.00096227751053
46	Phoneme	0.00829764394511	0.0341590492776	0.0286954496536	0.0389972922298	0.0218058330254	0.0301818332076	0.0336650361345	0.0276047117901	0.0227886055854	0.039130529886	0.0379758348418	0.0397133860131	0.0100040366917	0.0202720564382	0.00812451753166	0.0219347984115	0.00988804197189	0.015324509454	0.00759785557652	0.00885900566964	0.00950881633408	0.00951277202903	0.00989662275423	0.00708360215411	0.00966905109647	0.0168957040976	0.0125685506087	0.00972491210593	0.00707563444071	0.00443506566065	0.00465808263045	0.00918834680932	0.00935616366725
47	Plane	0.644335588263	0.644335588263	0.65291806759	0.644335588263	0.637126261408	0.637126261408	0.644335588263	0.644335588263	0.644335588263	0.644335588263	0.644335588263	0.644335588263	0.631683889514	0.550337984158	0.641115846673	0.637126261408	0.637126261408	0.637126261408	0.641115846673	0.641115846673	0.641115846673	0.641115846673	0.641115846673	0.550337984158	0.644335588263	0.637126261408	0.637126261408	0.637126261408	0.637126261408	0.637126261408	0.641115846673	0.641115846673	0.641115846673
48	ProximalPhalanxOutlineAgeGroup	0.503932302086	0.498438197498	0.498438197498	0.49685019895	0.507854021827	0.498438197498	0.503932302086	0.498438197498	0.498438197498	0.498438197498	0.498438197498	0.496452007218	0.49685019895	0.496157781958	0.498438197498	0.498438197498	0.498438197498	0.503932302086	0.503932302086	0.49685019895	0.503932302086	0.49685019895	0.49685019895	0.50165387914	0.503932302086	-0.00109664780784	0.00566198506801	0.503932302086	-0.000597091300487	-0.000597091300487	0.503932302086	0.503932302086	0.503932302086
49	ProximalPhalanxOutlineCorrect	0.00729381751679	0.00729381751679	0.00729381751679	0.00729381751679	0.00729381751679	0.00729381751679	0.00729381751679	0.00729381751679	0.00729381751679	0.00729381751679	0.00729381751679	0.00729381751679	0.00729381751679	0.00729381751679	0.00729381751679	0.00729381751679	0.00729381751679	0.00729381751679	0.00729381751679	0.00729381751679	0.00729381751679	0.00729381751679	0.00729381751679	0.00729381751679	0.00729381751679	0.00729381751679	0.00729381751679	0.00729381751679	0.00729381751679	0.00729381751679	0.00729381751679	0.00729381751679	0.00729381751679
50	ProximalPhalanxTW	0.520098591905	0.545330823586	0.629624460061	0.545330823586	0.617523611879	0.639611921534	0.574121534817	0.670447865285	0.584314292151	0.560543350411	0.520098591905	0.520098591905	0.520098591905	0.584687657208	0.552233637733	0.573029839642	0.479613573917	0.536597702608	0.549584255122	0.544625699817	0.520098591905	0.520098591905	0.552233637733	0.584687657208	0.520098591905	0.580905091625	0.52411061114	0.534388664413	0.44278772498	0.542557692725	0.542557692725	0.548008177158	0.520098591905
51	RefrigerationDevices	4.3819471159e-05	0.00429691760706	0.00605753900325	0.00663725207779	0.0026548281361	0.00331819407288	0.00663725207779	0.00405872037315	0.00405872037315	0.00405872037315	0.00663725207779	0.00663725207779	2.86744468469e-05	0.00543139311468	5.81188787069e-05	-4.76362732357e-05	-5.70430252768e-05	-1.42225256362e-05	-1.42225256362e-05	0.000115006099349	0.000115006099349	-1.42225256362e-05	5.81188787069e-05	0.0117492393873	5.81188787069e-05	0.00745261264426	-1.42225256362e-05	2.86744468469e-05	2.86744468469e-05	2.86744468469e-05	2.86744468469e-05	-1.42225256362e-05	-1.42225256362e-05
52	ScreenType	2.86744468469e-05	-1.42225256362e-05	-0.000383433628541	0.00431538637908	0.000988268798925	0.00110237517958	0.00110237517958	0.00421022654643	0.00214491367824	0.00765798071228	0.00663037211369	0.00518678911059	2.86744468469e-05	-0.000285706263652	-1.42225256362e-05	0.000843125322843	-1.42225256362e-05	-1.42225256362e-05	-1.42225256362e-05	-1.42225256362e-05	-1.42225256362e-05	2.86744468469e-05	2.86744468469e-05	-0.000270202240606	2.86744468469e-05	0.00256698432544	-1.42225256362e-05	-1.42225256362e-05	-1.42225256362e-05	-1.42225256362e-05	-1.42225256362e-05	-1.42225256362e-05	2.86744468469e-05
53	ShapesAll	0.0780261989189	0.100896869421	0.102857557261	0.0999111040579	0.106661585858	0.102182373721	0.102805356754	0.103695577826	0.102193339376	0.10172995567	0.102661994896	0.100719874391	0.07396363668	0.07852149152	0.0724731813885	0.0780433954157	0.0802322875445	0.0770872464564	0.0791752211325	0.0737542141864	0.0736122872335	0.0747448790796	0.0746934852239	0.082074845915	0.0764857411158	0.0814722548957	0.079621543996	0.0759615046905	0.0781214253497	0.0743871310438	0.0769458515155	0.0753347427614	0.0748870776483
54	SmallKitchenAppliances	0.000115006099349	0.0453515520649	0.000230630471059	0.0388906538628	0.0049271886186	0.0243255683837	0.0384830640701	0.0358474861438	0.036187197582	0.0356877533391	0.03977152334	0.0392261508034	2.86744468469e-05	0.000230630471059	2.86744468469e-05	-0.00188920084074	2.86744468469e-05	2.86744468469e-05	2.86744468469e-05	2.86744468469e-05	2.86744468469e-05	2.86744468469e-05	2.86744468469e-05	0.000230630471059	2.86744468469e-05	-1.8895195554e-05	2.86744468469e-05	2.86744468469e-05	2.86744468469e-05	2.86744468469e-05	2.86744468469e-05	2.86744468469e-05	2.86744468469e-05
55	SonyAIBORobotSurface	0.129930394432	0.2741165234	0.432736213558	0.2741165234	0.432736213558	0.432736213558	0.432736213558	0.432736213558	0.432736213558	0.432736213558	0.432736213558	0.432736213558	0.2741165234	0.2741165234	0.129930394432	0.2741165234	0.2741165234	0.129930394432	0.129930394432	0.2741165234	0.129930394432	0.129930394432	0.129930394432	0.129930394432	0.129930394432	0.129930394432	0.129930394432	0.129930394432	0.129930394432	0.129930394432	0.129930394432	0.129930394432	0.129930394432
56	SonyAIBORobotSurfaceII	0.282208588957	0.282464793303	0.475779220779	0.373275330325	0.373275330325	0.373275330325	0.373275330325	0.373275330325	0.373275330325	0.373275330325	0.373275330325	0.373275330325	0.373275330325	0.373275330325	0.373275330325	0.373275330325	0.373275330325	0.373275330325	0.373275330325	0.373275330325	0.373275330325	0.373275330325	0.373275330325	0.373275330325	0.282208588957	0.373275330325	0.373275330325	0.373275330325	0.373275330325	0.373275330325	0.282208588957	0.282208588957	0.282208588957
57	StarLightCurves	0.00985576246014	0.608951712562	0.560529655825	0.646363497904	0.602245537576	0.608258227906	0.608904512097	0.611571276956	0.611571276956	0.612953572034	0.650476967671	0.646363497904	0.0109359098382	0.504976402844	0.0109359098382	0.52758044845	0.553370984062	0.0743201160983	0.0623540747819	0.0706847821284	0.0109359098382	0.0167157172605	0.0167157172605	0.548085755288	0.00983165827267	0.660192817622	0.00320572360651	0.00983165827267	0.00983165827267	0.00983165827267	0.00983165827267	0.00983165827267	0.00983165827267
58	Strawberry	-0.046155393267	-0.046155393267	-0.042585351463	-0.0407492859691	-0.0416966148472	-0.0416966148472	-0.0416966148472	-0.0363709296023	-0.0407492859691	-0.0363709296023	-0.0407492859691	-0.0407492859691	-0.046155393267	-0.00240520109265	-0.0407492859691	-0.00240520109265	-0.0455573820762	-0.00702696332398	-0.0455573820762	-0.0455573820762	-0.0455573820762	-0.0407492859691	-0.0407492859691	-0.00240520109265	-0.0407492859691	-0.00240520109265	-0.0416966148472	-0.0363709296023	-0.0363709296023	-0.0363709296023	-0.0363709296023	-0.0455573820762	-0.0407492859691
59	SwedishLeaf	0.0153250488498	0.0730596349598	0.0400256711733	0.0663992923324	0.0511612501647	0.0689717282031	0.0482657114714	0.0393039516716	0.0556258966162	0.0536221443441	0.0389210747264	0.0350349076526	0.024092353308	0.0140862175155	0.0166233079197	0.00291301448666	0.00600200694763	0.0098388101093	0.017353261031	0.013119594345	0.00883578727362	0.00892157318552	0.0165075843855	0.0312137522273	0.0174496248261	0.00394356081668	0.00798077257552	0.0181260584123	0.0186899217793	0.0187773163902	0.00962945557142	0.0174292425642	0.0174292425642
60	ToeSegmentation1	-0.0204603580563	0.000776397515528	-0.0048956454522	-0.0204603580563	-0.0136518771331	-0.0204603580563	-0.0220125786164	-0.0204603580563	-0.0204603580563	-0.0204603580563	-0.0204603580563	-0.0204603580563	0.000776397515528	-0.0231441909396	-0.00931677018634	-0.0252365930599	-0.00881685575365	-0.00881685575365	-0.0236826524571	-0.0236826524571	-0.0236826524571	-0.00931677018634	-0.00931677018634	-0.0157853196527	-0.0231441909396	-0.0231441909396	-0.0236826524571	-0.0263157894737	-0.0263157894737	-0.0156647738398	-0.0149842271293	-0.0231441909396	-0.0231441909396
61	ToeSegmentation2	0.0	-0.0114163396361	0.428934010152	0.507936507937	0.355555555556	-0.0056934436438	0.288307915759	0.288307915759	0.507936507937	0.288307915759	0.288307915759	0.288307915759	0.0	-0.0253968253968	0.0542250338906	-0.0253968253968	-0.0253968253968	-0.0290381125227	-0.0290381125227	-0.0133912414043	0.0542250338906	0.0542250338906	0.0542250338906	-0.0152284263959	0.0	-0.0253968253968	-0.0152284263959	0.00144914409927	-0.0152284263959	-0.0152284263959	0.0	0.0	0.0
62	Trace	0.0121849464926	0.32387798545	0.477246462173	0.675681882167	0.59850031707	0.675681882167	0.675681882167	0.675681882167	0.675681882167	0.675681882167	0.675681882167	0.651967237763	0.0045255520768	0.428531921212	0.172722726117	0.434460412507	0.484915453294	0.484915453294	0.375142489168	0.172722726117	0.172722726117	0.172722726117	0.172722726117	0.428531921212	0.0441337318426	0.428531921212	0.428531921212	0.484915453294	0.375142489168	0.172722726117	0.172722726117	0.172722726117	0.0441337318426
63	TwoLeadECG	0.0534979423868	0.0534979423868	0.0534979423868	0.0534979423868	0.0534979423868	0.0534979423868	0.0534979423868	0.0534979423868	0.0534979423868	0.0534979423868	0.0534979423868	0.0534979423868	0.0534979423868	0.0534979423868	0.0534979423868	0.0534979423868	0.0534979423868	0.0534979423868	0.0534979423868	0.0534979423868	0.0534979423868	0.0534979423868	0.0534979423868	0.0534979423868	0.0534979423868	0.0534979423868	0.0534979423868	0.0534979423868	0.0534979423868	0.0534979423868	0.0534979423868	0.0534979423868	0.0534979423868
64	Two_Patterns	5.5420813735e-05	-0.000248069780172	0.00435245469576	0.00395818270309	0.0155200075155	0.0163746193058	0.0153464391469	0.0106505354582	0.00829066318449	0.00459810219621	0.00520021484326	0.00198357770868	0.000497340611034	0.0349017496458	0.00676915222889	0.0041412246846	0.0119242511462	0.0171261341149	0.00965068822025	0.0127293708301	0.00790626067002	0.00440381033741	0.00236543281446	0.00520633820089	0.00093560486166	0.0336842449953	0.00949278545251	0.0103415161367	0.00663632649277	0.0112943172812	0.00845219476941	0.00991191082858	0.0120538530738
65	UWaveGestureLibraryAll	0.000243411322385	0.00773930716068	0.323261659407	0.0905904142765	0.237050659041	0.359391917413	0.270544210771	0.277352908667	0.0909312991251	0.0859474844938	0.0812086210397	0.0901524953223	0.130408984207	0.510291960189	0.133822569187	0.456570558442	0.492383011679	0.49863388043	0.378907122051	0.226532570336	0.208534503142	0.138634635936	0.141317984465	0.551762552318	0.000171674249489	0.529335781263	0.497705091106	0.438067382048	0.421445541513	0.327404729645	0.142382870242	0.14301906664	6.8919756537e-05
66	Wine	0.0192726663315	0.0192726663315	0.0192726663315	0.0192726663315	0.0192726663315	0.0192726663315	0.0192726663315	0.0192726663315	0.0192726663315	0.0192726663315	0.0192726663315	0.0192726663315	0.0192726663315	0.0192726663315	0.0192726663315	0.0192726663315	0.0192726663315	0.0192726663315	0.0192726663315	0.0192726663315	0.0192726663315	0.0192726663315	0.0192726663315	0.0192726663315	0.0192726663315	0.0192726663315	0.0192726663315	0.0192726663315	0.0192726663315	0.0192726663315	0.0192726663315	0.0192726663315	0.0192726663315
67	WordsSynonyms	0.159987062134	0.137502397697	0.263201198577	0.240413521445	0.216791345508	0.245355882269	0.205597540233	0.285651735165	0.231128913518	0.219382846884	0.252808995982	0.247373504933	0.201399208021	0.242921158126	0.136105425078	0.209211181609	0.189449599187	0.205808945904	0.206014337141	0.20852735494	0.172575067345	0.177396724433	0.150309703835	0.239001659224	0.208921860099	0.258794135266	0.193852593101	0.225993721589	0.226547390785	0.218029713327	0.217773353861	0.201841861571	0.196250321366
68	Worms	0.017278861932	0.326201206732	0.331098356845	0.347969067512	0.192883310798	0.364708173753	0.364708173753	0.364708173753	0.364708173753	0.363011638662	0.370593874509	0.347969067512	0.039111845457	-0.0178126893421	-0.00464516596177	0.0347760054084	0.00879489454603	-0.0117741602097	-0.00535646494439	0.0125673005429	0.00618200564352	0.00826639599337	0.00826639599337	0.0187505464426	0.0404711536131	0.0175245963816	0.00245232429266	-0.00593014900876	-0.00665322815562	-0.00227761337702	2.35901983331e-05	0.0442043050933	-0.00565033888286
69	WormsTwoClass	-0.00649095200629	-0.00649095200629	-0.00649095200629	-0.00649095200629	-0.00649095200629	-0.00649095200629	-0.00649095200629	-0.00649095200629	-0.00649095200629	-0.00649095200629	-0.00649095200629	-0.00649095200629	-0.00649095200629	-0.0116251580343	0.000678391185026	0.0253556158527	-0.0129922190587	-0.0100330318279	-0.0144833549503	-0.00469691052231	-0.00497578928972	-0.00484149500432	-0.00484149500432	-0.00484149500432	-0.011610940362	0.000750287781615	-0.0130442827186	-0.0146713615023	-0.0118955820816	-0.00649095200629	0.0156047616111	-0.00649095200629	-0.00573089615078
70	synthetic_control	0.559679851525	0.671736907713	0.613762329952	0.671736907713	0.578474430301	0.5795133622	0.629239965713	0.629239965713	0.629239965713	0.629157591748	0.629157591748	0.671736907713	0.574763998322	0.35299487577	0.333561127899	0.333446726648	0.382140178583	0.478526853292	0.345532557837	0.526888781832	0.435050667675	0.489121754135	0.489121754135	0.299966681044	0.481574177615	0.319121180768	0.312428614202	0.306625808165	0.30278390181	0.293286348787	0.479249424424	0.469254181045	0.287940090521
71	uWaveGestureLibrary_X	-1.76973261677e-05	0.177902522555	0.35211216534	0.203448008992	0.297569999102	0.317225452581	0.325245102424	0.28252159323	0.269670333099	0.203806867295	0.144603116299	0.187031216505	1.12119138714e-05	0.158665037118	0.113615962907	0.224781173428	0.215247729576	0.209039418179	0.218431252206	0.223672130431	0.100997479863	0.111298653057	0.206999910768	0.290776575615	0.0003720048681	0.188203406611	0.24243042384	0.221011269916	0.121335151561	0.116651459438	0.135269934052	9.88564227557e-05	0.000313302320327
72	uWaveGestureLibrary_Y	0.000335890184849	0.148120955853	0.296391490465	0.214199492233	0.266153118928	0.294016984425	0.264660218778	0.276020309842	0.26606691384	0.214361453005	0.181579638373	0.182494415517	0.235257663332	0.307720831177	0.261468660573	0.284800876251	0.29462336129	0.28092969456	0.279600232336	0.281625538931	0.288433137769	0.298678879722	0.216214971189	0.302803825228	0.170018441433	0.27518061332	0.305645339418	0.186545099729	0.1868277307	0.186300071877	0.21534471541	0.279236934028	0.246735263766
73	uWaveGestureLibrary_Z	0.000355765881902	0.195417380155	0.356829691538	0.22393728027	0.40754860668	0.375913274356	0.402883630401	0.383134206168	0.388664334315	0.252358046554	0.247831800966	0.26075700241	0.000832183218614	0.310513842621	0.180259029061	0.350182793369	0.26845393005	0.351057320778	0.200506912692	0.206675453084	0.196389903548	0.195795681867	0.227188897955	0.330000793	0.000201053861048	0.287726660285	0.306563300681	0.223710628732	0.281450871714	0.139541569532	0.137091352332	0.139773030319	0.149335780365
74	wafer	-0.00177203813488	-0.00739673031084	-0.00929831342496	-0.00597303731546	-0.010246327301	-0.0109568463763	-0.0109568463763	-0.0241992424524	-0.0241992424524	-0.0241992424524	-0.00597303731546	-0.00597303731546	-0.00177203813488	-0.00246716626289	-0.00177203813488	9.15386936255e-06	-0.00177203813488	-0.00177203813488	-0.00177203813488	-0.00177203813488	-0.00177203813488	-0.00177203813488	-0.00177203813488	-0.00246716626289	-0.00177203813488	-0.00246716626289	-0.00177203813488	-0.00177203813488	-0.00177203813488	-0.00177203813488	-0.00177203813488	-0.00177203813488	-0.00177203813488
75	yoga	-0.00253134828584	-0.00384851871289	-0.00353918280567	-0.00350998826744	-0.00413031557763	-0.00384804065342	-0.00384804065342	-0.00384804065342	-0.00384804065342	-0.00384804065342	-0.00409817348556	-0.00409817348556	-0.00390186011384	-0.00307974660526	-0.00409817348556	-0.00307974660526	-0.00307974660526	-0.00253134828584	-0.00253134828584	-0.00253134828584	-0.00253134828584	-0.00256632637194	-0.00256632637194	-0.00419120447909	-0.00253134828584	-0.00307974660526	-0.00307974660526	-0.00253134828584	-0.00253134828584	-0.00253134828584	-0.00253134828584	-0.00253134828584	-0.00253134828584
