	dataset	chebyshev	cid-minkowski_1	cid-minkowski_10	cid-minkowski_2	cid-minkowski_3	cid-minkowski_4	cid-minkowski_5	cid-minkowski_6	cid-minkowski_7	cid-minkowski_8	cid-minkowski_9	cort-minkowski_1	cort-minkowski_10	cort-minkowski_2	cort-minkowski_3	cort-minkowski_4	cort-minkowski_5	cort-minkowski_6	cort-minkowski_7	cort-minkowski_8	cort-minkowski_9	minkowski_1	minkowski_10	minkowski_2	minkowski_3	minkowski_4	minkowski_5	minkowski_6	minkowski_7	minkowski_8	minkowski_9
0	50words	2.34657775717	2.49002857512	2.32627436718	2.4534207641	2.37206705637	2.43431764079	2.43650346708	2.42829824105	2.45658222746	2.37269528992	2.41942153149	2.37824502495	2.48004993951	2.58050029666	2.37552229493	2.4896382371	2.40816563177	2.43693079618	2.42507782366	2.45968523101	2.35258988498	2.43170184914	2.41432909791	2.39410696284	2.49068188251	2.5120007588	2.37926013736	2.56646070519	2.45934403274	2.41830297969	2.4472994444
1	Adiac	2.63932420805	2.68294057449	2.81540041421	2.67523656341	2.746119633	2.77391375025	2.62989017118	2.76632089194	2.7797094414	2.68748378993	2.71128073815	2.79883710524	2.76892275459	2.71610363925	2.80384562673	2.68332568458	2.687190166	2.73970948023	2.78406942581	2.81471845564	2.7065672895	2.72212022258	2.77873974897	2.71920850959	2.65984873732	2.7287584943	2.70988403834	2.84225814257	2.70426845948	2.72429003768	2.81757512695
2	ArrowHead	1.00249523062	1.00249523062	1.00249523062	1.00249523062	1.00249523062	1.00249523062	1.00249523062	1.00249523062	1.00249523062	1.00249523062	1.00249523062	1.00249523062	1.00249523062	1.00249523062	1.00249523062	1.00249523062	1.00249523062	1.00249523062	1.00249523062	1.00249523062	1.00249523062	1.00249523062	1.00249523062	1.00249523062	1.00249523062	1.00249523062	1.00249523062	1.00249523062	1.00249523062	1.00249523062	1.00249523062
3	BeetleFly	1.37116721442	1.37116721442	1.11627509244	1.11627509244	1.36615884757	1.37116721442	1.32414699617	1.37116721442	1.32414699617	1.22172860411	1.28888433591	1.36615884757	1.28888433591	1.37116721442	1.34602333402	1.22172860411	1.11627509244	1.22172860411	1.37116721442	1.37116721442	1.22172860411	1.37116721442	1.37116721442	1.04379518193	1.22172860411	1.36615884757	1.22172860411	1.37116721442	1.28888433591	1.28888433591	1.28888433591
4	CBF	1.46492452307	1.46492452307	1.64243919222	1.43555530102	1.56151755361	1.48182469792	1.48182469792	1.43555530102	1.1733319082	1.56151755361	1.43555530102	1.56151755361	1.64243919222	1.43555530102	1.14943686531	1.48182469792	1.56151755361	1.40788202171	1.48182469792	1.48182469792	1.64243919222	1.70395460976	1.48182469792	1.48182469792	1.70395460976	1.57768197632	1.70395460976	1.48182469792	1.56151755361	1.43555530102	1.48182469792
5	Car	2.05085447559	2.05085447559	1.91282807784	2.05085447559	2.04524255928	2.04524255928	2.04524255928	2.05085447559	2.04524255928	2.04524255928	2.04524255928	2.05085447559	2.04524255928	2.04524255928	2.04524255928	2.04524255928	2.04524255928	2.04524255928	1.95009268715	2.04524255928	1.94799817306	2.04524255928	2.05085447559	2.05085447559	2.04524255928	2.05085447559	2.04524255928	2.04524255928	1.99308152722	2.04524255928	2.04524255928
6	ChlorineConcentration	2.02172148307	2.02172148307	2.02172148307	2.02172148307	2.02172148307	2.02172148307	2.02172148307	2.02172148307	2.02172148307	2.02172148307	2.02172148307	2.02172148307	2.02172148307	2.02172148307	2.02172148307	2.02172148307	2.02172148307	2.02172148307	2.02172148307	2.02172148307	2.02172148307	2.02172148307	2.02172148307	2.02172148307	2.02172148307	2.02172148307	2.02172148307	2.0211464177	2.02172148307	2.02172148307	2.02172148307
7	CinC_ECG_torso	1.46223639361	1.46559851143	1.51365616342	1.48839880079	1.94142375327	1.87030344464	1.40595147276	1.3033612614	1.3033612614	1.54111983542	1.53307537082	1.46118241202	1.94142375327	1.59279343206	1.46223639361	1.84042882364	1.51365616342	1.38807873637	1.60469761188	1.54748703376	1.39507576298	1.48839880079	1.64441436084	1.51365616342	1.24813032214	1.24813032214	1.49074954865	1.69391365125	1.24813032214	1.51230513017	1.38236730632
8	Coffee	0.420355394148	0.420355394148	0.420355394148	0.420355394148	0.420355394148	0.259871834626	0.420355394148	0.420355394148	0.420355394148	0.420355394148	0.420355394148	0.420355394148	0.420355394148	0.420355394148	0.420355394148	0.420355394148	0.420355394148	0.420355394148	0.420355394148	0.420355394148	0.420355394148	0.420355394148	0.420355394148	0.259871834626	0.259871834626	0.420355394148	0.420355394148	0.420355394148	0.420355394148	0.259871834626	0.420355394148
9	Computers	1.36907373545	1.36907373545	1.36907373545	1.36375772616	1.36907373545	1.3660856405	1.36907373545	1.36688370486	1.36907373545	1.36907373545	1.36907373545	1.36907373545	1.36820942754	1.36907373545	1.36907373545	1.36907373545	1.36907373545	1.36907373545	1.33651662518	1.326928709	1.36907373545	1.36907373545	1.36820942754	1.36907373545	1.36907373545	1.36907373545	1.36907373545	1.36907373545	1.36907373545	1.36907373545	1.36907373545
10	Cricket_X	3.53348525908	3.35651896564	3.5084071334	3.55879739745	3.41878170396	3.42840808655	3.35768600835	3.47708282722	3.47655786977	3.41371951304	3.47830704332	3.38590884554	3.48020514033	3.37048334109	3.57608842231	3.38260086742	3.33294650017	3.44824276259	3.44134607188	3.26841155392	3.52367712376	3.41299719897	3.58956976918	3.53440761372	3.4241993028	3.36272519072	3.41788601103	3.42587034114	3.44028901689	3.31693216232	3.4817213205
11	Cricket_Y	3.51781946598	3.4418097521	3.47440969933	3.48553809618	3.54858193178	3.47090450745	3.4720597433	3.51359068358	3.54349173787	3.41347095819	3.39873485669	3.48258506633	3.4674313379	3.51350750828	3.51778926688	3.44922766327	3.56579071815	3.38924314452	3.36665616594	3.29470491359	3.50221615172	3.486228636	3.49437740788	3.45322400223	3.47497808659	3.38915091366	3.52631138073	3.61000606778	3.33776163956	3.41133834748	3.53343553873
12	Cricket_Z	3.40389649878	3.55242867667	3.49293720784	3.46528230616	3.49447560205	3.51383940112	3.61396448598	3.5649161125	3.40893669961	3.55595321959	3.59272827124	3.4713634985	3.50667736687	3.42936972923	3.55736816149	3.54035328633	3.43060336242	3.45835510743	3.46562645383	3.53526476687	3.40686580926	3.56584928373	3.47962170998	3.60088198622	3.52815593181	3.50124540298	3.46432128429	3.37074173479	3.57809354099	3.48125146473	3.62480343287
13	DiatomSizeReduction	0.0	0.0	0.0	0.0	0.0	0.0	0.0	0.0	0.0	0.0	0.0	0.0	0.0	0.0	0.0	0.0	0.0	0.0	0.0	0.0	0.0	0.0	0.0	0.0	0.0	0.0	0.0	0.0	0.0	0.0	0.0
14	DistalPhalanxOutlineAgeGroup	1.66642655673	1.66642655673	1.66642655673	1.66642655673	1.66642655673	1.66642655673	1.66642655673	1.66642655673	1.64609581973	1.66642655673	1.66642655673	1.66642655673	1.66642655673	1.66642655673	1.66642655673	1.66642655673	1.66642655673	1.66642655673	1.66642655673	1.66642655673	1.66642655673	1.66642655673	1.64609581973	1.65910850903	1.66642655673	1.66642655673	1.66642655673	1.66642655673	1.66642655673	1.66642655673	1.66642655673
15	DistalPhalanxOutlineCorrect	1.28626978733	1.28626978733	1.28626978733	1.28626978733	1.28626978733	1.28626978733	1.28626978733	1.28626978733	1.28626978733	1.28626978733	1.28626978733	1.28626978733	1.28626978733	1.28626978733	1.28626978733	1.28626978733	1.28626978733	1.28626978733	1.28626978733	1.28626978733	1.28626978733	1.28626978733	1.28626978733	1.28626978733	1.28626978733	1.28626978733	1.28626978733	1.28626978733	1.28626978733	1.28626978733	1.28626978733
16	DistalPhalanxTW	1.75687446342	1.71751617242	1.74443552251	1.74713855639	1.72882862459	1.71909271756	1.74103386199	1.75687446342	1.75687446342	1.72155545585	1.7335490673	1.75687446342	1.75913216785	1.72882862459	1.71909271756	1.7335490673	1.74103386199	1.74182698947	1.72882862459	1.72882862459	1.74713855639	1.64932964332	1.71595604235	1.71595604235	1.72882862459	1.74182698947	1.74713855639	1.72794965381	1.74713855639	1.73129795496	1.71909271756
17	ECG200	1.03374107574	1.03374107574	1.03374107574	1.03374107574	1.03374107574	1.03374107574	1.03374107574	1.03374107574	1.03374107574	1.03374107574	1.03374107574	1.03374107574	1.03374107574	1.03374107574	1.03374107574	1.03374107574	1.03374107574	1.03374107574	1.03374107574	1.03374107574	1.03374107574	1.03374107574	1.03374107574	1.03374107574	1.03374107574	1.03374107574	1.03374107574	1.03374107574	1.03374107574	1.03374107574	1.03374107574
18	ECG5000	1.10822188232	1.08091285887	1.10747858616	1.10681962045	1.12154007943	1.22939600535	1.09272524372	1.10899928442	1.23140399116	1.10974258059	1.08191551291	1.08363472314	1.09612564315	1.1090318714	1.10153537584	1.12557042408	1.09472338128	1.08363472314	1.12013781757	1.12604211521	1.09484457259	1.11246755097	1.0976292066	1.08223246127	1.10681962045	1.11818852747	1.09510676062	1.10681962045	1.09472338128	1.1230607777	1.09468517367
19	ECGFiveDays	1.35370017725	1.35370017725	1.35370017725	1.35370017725	1.35370017725	1.35370017725	1.35370017725	1.35370017725	1.35370017725	1.35370017725	1.35370017725	1.35370017725	1.35370017725	1.35370017725	1.35370017725	1.35370017725	1.35370017725	1.35370017725	1.35370017725	1.35370017725	1.35370017725	1.35370017725	1.35370017725	1.35370017725	1.35370017725	1.35370017725	1.35370017725	1.35370017725	1.35370017725	1.35370017725	1.35370017725
20	Earthquakes	1.24993775846	1.1919159933	1.25224153887	1.25181291368	1.2279179318	1.25596779883	1.24857803426	1.25539946157	1.25121206386	1.231627642	1.252940369	1.24357836809	1.25678408041	1.25224947148	1.25678408041	1.25345039883	1.21276933731	1.25039515705	1.24947845738	1.25602094437	1.25181291368	1.25241344624	1.25121206386	1.25575892049	1.25596779883	1.25345039883	1.23707142569	1.25539946157	1.25345039883	1.24160344766	1.24529865313
21	FISH	2.65854064105	2.53335026266	2.56585745553	2.48702248248	2.45408356063	2.51755468019	2.66710457469	2.54622850732	2.52081240317	2.50307535338	2.54884672362	2.56392920691	2.41224871076	2.50715049422	2.51766974273	2.58256517614	2.60920237485	2.59974437633	2.54528876669	2.19024880433	2.46393696853	2.36345526696	2.46512794257	2.49942299923	2.50060406057	2.64033036896	2.60528506897	2.60240141595	2.51698124095	2.46777391913	2.53531523104
22	FaceFour	1.0437342515	1.36515915077	1.48068368086	1.36515915077	1.22754902744	1.37201744686	1.41925173111	1.41925173111	1.37201744686	1.37201744686	1.0437342515	1.21413681876	1.22754902744	1.22754902744	1.22754902744	1.22754902744	1.21413681876	1.37201744686	1.1412560275	1.0437342515	1.22754902744	1.22754902744	1.36515915077	1.37201744686	1.36515915077	1.36515915077	1.22754902744	1.22754902744	1.5027438055	1.24521889158	1.1412560275
23	FacesUCR	2.75451170463	2.48337080089	2.68058434774	2.64533573665	2.73862778128	2.69951630716	2.61068585625	2.52592998065	2.54924517388	2.6683572069	2.72882197739	2.68598371997	2.46994167999	2.65548006216	2.628679689	2.39454880277	2.60062515018	2.70432980403	2.58196037814	2.69767332027	2.83879464566	2.7203704744	2.73260404994	2.63436501299	2.6540651806	2.6478500471	2.53269268177	2.65004997738	2.63571162055	2.32748788589	2.57620487641
24	FordA	1.38471292553	1.38377424569	1.38452228615	1.38496093783	1.3846526305	1.38386426772	1.38419933112	1.3845384632	1.38453990161	1.38452228615	1.38386426772	1.3846526305	1.38452228615	1.38453990161	1.38452228615	1.38377424569	1.38354644149	1.38452228615	1.38478158723	1.38423392561	1.38452228615	1.38452228615	1.38477375405	1.38403641541	1.38452228615	1.38407590427	1.3846526305	1.38386426772	1.38440990374	1.38440990374	1.3846526305
25	FordB	1.38373743952	1.38429773761	1.3837323544	1.38371710965	1.38584956498	1.38477385428	1.38445775771	1.38498192175	1.38442581002	1.38419649574	1.38109408373	1.38231033159	1.38518311916	1.38510413578	1.3853229114	1.38532703859	1.3841365956	1.38142367439	1.38517913076	1.3820598934	1.38459406976	1.38450914659	1.38550370671	1.38376726703	1.38404103363	1.38315492215	1.38584203892	1.38109408373	1.38561194427	1.38570717804	1.38515416274
26	Ham	1.32345443179	1.36835067413	1.30921456227	1.36835067413	1.32579750336	1.34128124501	1.33428660451	1.35022322204	1.35502075147	1.35502075147	1.34128124501	1.35022322204	1.33123743515	1.32579750336	1.28944781394	1.34398074049	1.27887171731	1.35838703134	1.33123743515	1.32579750336	1.34128124501	1.34128124501	1.33123743515	1.32579750336	1.33123743515	1.32579750336	1.33123743515	1.33428660451	1.35502075147	1.34128124501	1.36604091252
27	HandOutlines	1.05214019706	1.05214019706	1.05411673693	1.05214019706	1.0558534194	1.05214019706	1.05214019706	1.05214019706	1.05411673693	1.05214019706	1.05214019706	1.05214019706	1.05214019706	1.05411673693	1.05214019706	1.05214019706	1.05214019706	1.05214019706	1.05214019706	1.05214019706	1.05411673693	1.05214019706	1.05214019706	1.05214019706	1.05214019706	1.05214019706	1.05214019706	1.05214019706	1.05214019706	1.04658189067	1.05214019706
28	Haptics	2.64637013891	2.64637013891	2.64637013891	2.66243822298	2.64895662724	2.64895662724	2.64895662724	2.64637013891	2.72214306055	2.64895662724	2.64637013891	2.64637013891	2.64895662724	2.64895662724	2.64637013891	2.64637013891	2.64895662724	2.64895662724	2.66243822298	2.64895662724	2.64895662724	2.66243822298	2.66243822298	2.64895662724	2.64895662724	2.64637013891	2.64895662724	2.64637013891	2.72214306055	2.64637013891	2.64637013891
29	Herring	1.32888539919	1.32888539919	1.32888539919	1.32888539919	1.32888539919	1.32888539919	1.32888539919	1.32888539919	1.32888539919	1.32888539919	1.32888539919	1.32888539919	1.32888539919	1.32888539919	1.32888539919	1.32888539919	1.32888539919	1.32888539919	1.32888539919	1.32888539919	1.32888539919	1.32888539919	1.32888539919	1.32888539919	1.32888539919	1.32888539919	1.32888539919	1.32888539919	1.32888539919	1.32888539919	1.32888539919
30	InlineSkate	2.94700224169	2.88345645389	2.95023920028	2.86487117683	2.8374353462	2.85292034199	2.86487117683	2.94258864238	2.88498827358	2.86487117683	2.84800839844	2.85652487921	2.86487117683	2.85652487921	2.9378738113	2.91116235858	2.85652487921	2.95461446785	2.89369743209	2.89104526183	2.89274975312	2.93608234406	2.88866954889	2.85469627055	2.85652487921	2.86001308592	2.95742165835	2.85652487921	2.86487117683	2.86487117683	2.97641328528
31	ItalyPowerDemand	1.12315806261	1.12315806261	1.12315806261	1.12315806261	1.12315806261	1.12315806261	1.12315806261	1.12315806261	1.12315806261	1.12315806261	1.12315806261	1.12315806261	1.12315806261	1.12315806261	1.12315806261	1.12315806261	1.12315806261	1.12315806261	1.12315806261	1.12315806261	1.12315806261	1.12315806261	1.12315806261	1.12315806261	1.12315806261	1.12315806261	1.12315806261	1.12315806261	1.12315806261	1.12315806261	1.12315806261
32	LargeKitchenAppliances	2.04833048228	2.06087959728	2.01201115833	1.9863565439	1.97734290947	2.0257260396	1.97237757563	2.05199824108	2.05180594427	1.96586225796	2.01067321691	2.05452041932	2.05144503937	2.01891840278	2.04624039137	2.05050632752	2.04513300267	1.99794416571	2.00570322121	2.04913152591	2.05418732349	2.04094383392	2.05028994626	2.03963147179	2.04414173786	2.02741717976	2.03763652122	2.05075632279	2.04620308003	2.0532337758	2.01114924241
33	Lighting2	1.30150334022	1.31961295326	1.31961295326	1.28886280704	1.31961295326	1.31172941288	1.31172941288	1.31961295326	1.31961295326	1.31172941288	1.30150334022	1.30150334022	1.30150334022	1.31961295326	1.30150334022	1.31172941288	1.30150334022	1.28886280704	1.31961295326	1.31961295326	1.31172941288	1.31961295326	1.31172941288	1.30150334022	1.31961295326	1.31961295326	1.31961295326	1.30150334022	1.28886280704	1.31961295326	1.31172941288
34	Lighting7	2.01444110514	1.98245058512	2.00226211106	1.69384593677	1.60989682206	2.04304719912	1.95856120746	1.96207054654	2.01072596267	2.05647115829	1.8718055189	1.82501421405	1.99225652205	1.99410499714	1.84989027011	1.86225286696	2.07978249845	1.62906329669	2.04959415136	2.07646937552	2.00351642779	2.22094578666	1.95919747036	2.06186934285	2.02527551634	2.00483884056	1.8542820685	2.16994226784	1.83852784752	2.12616239856	2.02690203599
35	MALLAT	0.35195910092	0.354149527874	0.567312943014	0.394607539362	0.447079483766	0.37809630773	0.406145521454	0.433541300428	0.394079022506	0.555027707455	0.631373094077	0.380578146037	0.375905880776	0.437166996871	0.461512661008	0.25287338656	0.406145521454	0.468385372131	0.354222140764	0.287592341195	0.519453964575	0.39981807936	0.562102403016	0.37809630773	0.354149527874	0.394079022506	0.519453964575	0.499168187182	0.354149527874	0.394079022506	0.354149527874
36	Meat	0.64954316858	0.64954316858	0.64954316858	0.64954316858	0.64954316858	0.64954316858	0.64954316858	0.64954316858	0.772761089601	0.64954316858	0.64954316858	0.64954316858	0.64954316858	0.64954316858	0.64954316858	0.772761089601	0.64954316858	0.64954316858	0.64954316858	0.64954316858	0.772761089601	0.64954316858	0.64954316858	0.64954316858	0.64954316858	0.64954316858	0.64954316858	0.64954316858	0.64954316858	0.64954316858	0.64954316858
37	MedicalImages	2.82182198301	2.84469740623	2.95302583299	2.8425759588	2.94579081345	2.92873711812	2.8490016687	2.90531527446	2.81728082586	2.78812610237	2.92429433177	2.81324122669	2.88858670691	2.82807403248	2.88702459184	2.87902470428	2.8695118843	2.94744157348	2.83657756181	2.89273368597	2.80511885856	2.93775438193	2.8988298673	2.84742212257	2.97138671775	2.86936234321	2.90210354578	2.86292354202	2.87868869023	2.80336272723	2.90330517009
38	MiddlePhalanxOutlineAgeGroup	1.61816263414	1.61816263414	1.61816263414	1.61816263414	1.61781823561	1.61781823561	1.61781823561	1.61816263414	1.61781823561	2.02885701572	1.61781823561	1.61781823561	1.61781823561	1.61781823561	1.61781823561	2.03277312771	1.61781823561	1.61816263414	1.61816263414	1.61781823561	1.61816263414	1.61816263414	1.61781823561	1.61781823561	1.61781823561	1.61781823561	2.02885701572	2.02885701572	1.61781823561	1.61781823561	2.02885701572
39	MiddlePhalanxOutlineCorrect	1.37372453543	1.37358307151	1.37358307151	1.37358307151	1.37358307151	1.37358307151	1.37278754602	1.37358307151	1.37358307151	1.37358307151	1.37358307151	1.37372453543	1.37358307151	1.37372453543	1.37372453543	1.37358307151	1.37358307151	1.37358307151	1.37358307151	1.37358307151	1.37358307151	1.37358307151	1.37358307151	1.37358307151	1.37372453543	1.37358307151	1.37358307151	1.37358307151	1.37358307151	1.37358307151	1.37358307151
40	MiddlePhalanxTW	1.97309912393	1.97594394632	1.9707009771	1.96006525545	1.97573044238	1.97950041675	1.97903715098	1.9573837771	1.95311316574	1.92894818013	2.05417869233	1.86660112868	1.97950041675	1.97903715098	2.00056074519	2.01645981863	1.99572537199	2.04956778187	1.99572537199	1.98730987991	1.98730987991	1.9573837771	2.01959497366	1.97573044238	1.99774391289	1.93571077239	1.98904469679	1.97950041675	1.9839154992	2.06051061931	2.01463035266
41	MoteStrain	1.11627509244	1.00080484708	1.1935496041	1.1935496041	1.1935496041	1.1935496041	1.11627509244	1.1935496041	1.11627509244	1.1935496041	1.1935496041	1.11627509244	1.1935496041	1.1935496041	1.1935496041	1.1935496041	1.1935496041	1.1935496041	1.1935496041	1.1935496041	1.1935496041	1.1935496041	1.11627509244	1.1935496041	1.11627509244	1.1935496041	1.1935496041	1.11627509244	1.11627509244	1.1935496041	1.1935496041
42	NonInvasiveFatalECG_Thorax1	1.95805769941	2.00705210195	2.09589034627	2.00162110471	2.02337534745	1.87201196077	2.09900308815	2.05715411171	1.9829625167	1.92174541488	2.02444412257	1.94139978855	1.98642942899	2.01666739613	1.94777392937	1.98672554794	2.12720993622	2.00963993056	1.98317327078	1.9293076575	2.0074456609	2.01002795356	1.96033727278	2.00337210793	1.97828099871	1.96862291932	2.00707539065	1.90553578012	1.99501517531	1.98593876709	2.0699778249
43	NonInvasiveFatalECG_Thorax2	1.65339514217	1.55444657443	1.64369987187	1.62803709848	1.48072950091	1.58202420746	1.66259753512	1.69127820852	1.62997052765	1.57798661018	1.61041493873	1.6314700197	1.62060161254	1.66383412982	1.68025610675	1.5440515857	1.65714403482	1.72689409957	1.69009610868	1.62423240314	1.57628343829	1.53137892895	1.57286669542	1.63232444475	1.55946186926	1.61554887316	1.64412893596	1.51037220989	1.5812565905	1.57852005886	1.69323350736
44	OSULeaf	2.57326607069	2.55259153366	2.52475380139	2.61920036012	2.61158616574	2.65525482167	2.6062273702	2.59177364222	2.60539411628	2.67753450376	2.66962226167	2.62025425308	2.58398805063	2.66132023191	2.58785730902	2.70018878987	2.50978642332	2.68022559012	2.61916269469	2.61758721275	2.51306024174	2.61008955538	2.65639787677	2.64005579804	2.63124109814	2.48418611292	2.66520037861	2.58266231327	2.64833931735	2.66444826959	2.56202711669
45	PhalangesOutlinesCorrect	1.32708755114	1.32708755114	1.32708755114	1.32708755114	1.32708755114	1.3274381253	1.3274381253	1.3274381253	1.32708755114	1.3274381253	1.3274381253	1.32708755114	1.32708755114	1.3274381253	1.32708755114	1.3274381253	1.32708755114	1.32708755114	1.3274381253	1.32708755114	1.32708755114	1.3274381253	1.32708755114	1.32708755114	1.32708755114	1.32708755114	1.32708755114	1.3274381253	1.32708755114	1.32708755114	1.3274381253
46	Phoneme	3.36243429375	3.45431947484	3.46629389317	3.33482736855	3.34591783719	3.34887989552	3.52166296211	3.43241141977	3.42494782882	3.35925529992	3.45607980511	3.36736203058	3.36282708246	3.36367628863	3.3349968041	3.47150695305	3.4271006121	3.36085221537	3.30816641616	3.4569034141	3.39166098449	3.42054903562	3.42140257981	3.44199207228	3.38709214439	3.25797067498	3.36509625835	3.31332635603	3.30228217493	3.38780890005	3.43849396138
47	Plane	0.368786099725	0.368786099725	0.368786099725	0.368786099725	0.368786099725	0.368786099725	0.368786099725	0.368786099725	0.368786099725	0.368786099725	0.368786099725	0.368786099725	0.368786099725	0.368786099725	0.368786099725	0.368786099725	0.363389415047	0.368786099725	0.368786099725	0.368786099725	0.368786099725	0.368786099725	0.368786099725	0.368786099725	0.368786099725	0.368786099725	0.368786099725	0.368786099725	0.368786099725	0.368786099725	0.368786099725
48	ProximalPhalanxOutlineAgeGroup	1.05401205414	1.05401205414	1.05401205414	1.05401205414	1.05401205414	1.05401205414	1.05401205414	1.05401205414	1.05401205414	1.05401205414	1.05401205414	1.05401205414	1.05401205414	1.05401205414	1.05401205414	1.05401205414	1.05401205414	1.05401205414	1.05401205414	1.05401205414	1.05401205414	1.05401205414	1.05401205414	1.05401205414	1.05401205414	1.05401205414	1.05401205414	1.05401205414	1.05401205414	1.05401205414	1.05401205414
49	ProximalPhalanxOutlineCorrect	1.23678477063	1.23678477063	1.23678477063	1.23678477063	1.23678477063	1.23678477063	1.23997153323	1.23678477063	1.23678477063	1.23678477063	1.23678477063	1.23678477063	1.23678477063	1.23678477063	1.23678477063	1.23678477063	1.23678477063	1.23997153323	1.23678477063	1.23678477063	1.23678477063	1.23678477063	1.23678477063	1.23678477063	1.23997153323	1.23678477063	1.23678477063	1.23678477063	1.23997153323	1.23678477063	1.23678477063
50	ProximalPhalanxTW	1.46230937776	1.51533314376	1.50495929373	1.46562542993	1.48259690669	1.45320512151	1.56903266483	1.53138602721	1.52016046355	1.55862933525	1.52016046355	1.46562542993	1.50409517372	1.48259690669	1.51285523606	1.51332397103	1.55101555155	1.52016046355	1.52016046355	1.43912838925	1.50376813544	1.48631357447	1.56903266483	1.50414003558	1.51936334913	1.54698277264	1.46562542993	1.52016046355	1.57171185314	1.52016046355	1.4221686584
51	RefrigerationDevices	2.18228661756	2.16359078683	2.1718481157	2.18083773382	2.16968387401	2.18699326432	2.18666857822	2.18253665286	2.18712814199	2.18050259449	2.18705885488	2.17762942547	2.1844896199	2.15839444549	2.18590431353	2.17748873113	2.18188918064	2.18467311855	2.1653904551	2.17622758291	2.17194387849	2.18323154114	2.19020889832	2.1770565068	2.17720896669	2.17650509054	2.18620408027	2.17496852084	2.17618741137	2.17681332735	2.18360176836
52	ScreenType	2.11386365346	2.1359525626	2.12719232509	2.12563408479	2.10156487138	2.13001704077	2.13025517758	2.12719232509	2.12581720334	2.12574369101	2.13074111829	2.12829033691	2.12719232509	2.13166385145	2.13166385145	2.13431991114	2.13442740525	2.13417586672	2.10794918275	2.13468076675	2.13267845802	2.12719232509	2.1153977538	2.12461850851	2.13278390209	2.11097987591	2.13468076675	2.13736231899	2.10329769163	2.13286428199	2.13421662349
53	ShapesAll	2.09443570835	2.15245732618	2.17631572668	2.21899105264	2.13486140572	2.05727800168	2.11891770655	2.21709312902	2.14525019032	2.13659688854	2.13015424962	2.11149331614	2.12800061537	2.10269470191	2.21205035609	2.13848810823	2.14551989615	2.10314310209	2.05440209108	2.16446515389	2.09183856537	2.21129169308	2.01409100847	2.16161645561	2.08740207127	2.05334020733	2.14767237302	2.17582976487	2.14904236656	2.0612088492	2.0903294496
54	SmallKitchenAppliances	1.73595621548	1.7113242817	2.02194766758	1.74463427841	1.69901375413	1.80700722444	1.67365669477	1.93757197592	1.88546068739	1.91240810098	1.81807049229	1.86057562712	1.61023455353	1.77035591434	1.78800892115	1.59234227265	1.8413896995	1.93128685117	1.72776547049	1.7495937583	1.89020217384	1.75474122913	1.92049161314	1.75815034776	1.71867841926	1.65667914882	1.69992258084	1.76559773868	1.68758965582	1.63675846644	1.64669350894
55	SonyAIBORobotSurface	1.25569696905	1.2750400421	1.2750400421	1.29468514326	1.2750400421	1.2750400421	1.2750400421	1.2750400421	1.2750400421	1.21688339538	1.2750400421	1.29468514326	1.2750400421	1.2750400421	1.21688339538	1.21688339538	1.2750400421	1.25569696905	1.2750400421	1.2750400421	1.2750400421	1.2750400421	1.2750400421	1.2750400421	1.2750400421	1.2750400421	1.2750400421	1.2750400421	1.2750400421	1.2750400421	1.2750400421
56	SonyAIBORobotSurfaceII	0.940733814265	0.940733814265	0.940733814265	0.940733814265	0.940733814265	0.940733814265	0.940733814265	0.940733814265	0.940733814265	0.940733814265	0.940733814265	0.940733814265	0.940733814265	0.940733814265	0.940733814265	0.940733814265	0.940733814265	0.940733814265	0.940733814265	0.940733814265	0.940733814265	0.940733814265	0.940733814265	0.940733814265	0.940733814265	0.940733814265	0.940733814265	0.940733814265	0.940733814265	0.940733814265	0.940733814265
57	StarLightCurves	0.789937339416	0.789937339416	0.789937339416	0.789937339416	0.789937339416	0.789937339416	0.789937339416	0.789937339416	0.789937339416	0.789937339416	0.789937339416	0.789937339416	0.789937339416	0.789937339416	0.789937339416	0.789937339416	0.789937339416	0.789937339416	0.789937339416	0.789937339416	0.789937339416	0.789937339416	0.789937339416	0.789937339416	0.789937339416	0.789937339416	0.789937339416	0.789937339416	0.789937339416	0.789937339416	0.789937339416
58	Strawberry	1.08480802659	1.08480802659	1.08480802659	1.08480802659	1.08480802659	1.08480802659	1.08480802659	1.08480802659	1.08480802659	1.08480802659	1.08480802659	1.08480802659	1.08480802659	1.08480802659	1.08480802659	1.08480802659	1.08480802659	1.08480802659	1.08480802659	1.08480802659	1.08480802659	1.08480802659	1.08480802659	1.08480802659	1.08480802659	1.08480802659	1.08480802659	1.08480802659	1.08480802659	1.08480802659	1.08480802659
59	SwedishLeaf	2.36042807218	2.47600975009	2.40643344277	2.37603992694	2.19696006277	2.26248935738	2.31672090165	2.25583402492	2.39583420376	2.35490725161	2.37287524027	2.44735833524	2.15432320668	2.36996266469	2.33118489316	2.34227902029	2.28016657193	2.3115436796	2.35495314283	2.30762779983	2.14499766953	2.38677103233	2.20428566416	2.35034687236	2.305411432	2.34072584821	2.19774709663	2.26712383503	2.33306691845	2.23296532232	2.27707360858
60	ToeSegmentation1	1.38629436112	1.38253651563	1.38629436112	1.38253651563	1.38253651563	1.38253651563	1.38253651563	1.38629436112	1.38629436112	1.37116721442	1.38629436112	1.38253651563	1.37116721442	1.37627762743	1.38253651563	1.38629436112	1.38253651563	1.38253651563	1.38629436112	1.37627762743	1.38253651563	1.38253651563	1.37116721442	1.38629436112	1.38253651563	1.37244305255	1.38253651563	1.38629436112	1.38253651563	1.38253651563	1.38253651563
61	ToeSegmentation2	1.36758126219	1.38165276185	1.36758126219	1.38165276185	1.38165276185	1.38165276185	1.38629436112	1.38629436112	1.38165276185	1.38629436112	1.38629436112	1.38165276185	1.38165276185	1.38165276185	1.36758126219	1.38165276185	1.38165276185	1.38165276185	1.38165276185	1.38629436112	1.38165276185	1.38165276185	1.38629436112	1.38629436112	1.38629436112	1.38165276185	1.38165276185	1.38165276185	1.38165276185	1.38629436112	1.38165276185
62	Trace	1.35489823684	1.35489823684	1.35489823684	1.35489823684	1.35489823684	1.35489823684	1.35489823684	1.35489823684	1.35489823684	1.35489823684	1.35489823684	1.35489823684	1.35489823684	1.35489823684	1.35489823684	1.35489823684	1.35489823684	1.35489823684	1.35489823684	1.35489823684	1.35489823684	1.35489823684	1.35489823684	1.35489823684	1.35489823684	1.35489823684	1.35489823684	1.35489823684	1.35489823684	1.35489823684	1.35489823684
63	TwoLeadECG	1.22291977271	1.22291977271	1.22291977271	1.22291977271	1.22291977271	1.22291977271	1.22291977271	1.22291977271	1.22291977271	1.22291977271	1.22291977271	1.22291977271	1.22291977271	1.22291977271	1.22291977271	1.22291977271	1.22291977271	1.22291977271	1.22291977271	1.22291977271	1.22291977271	1.22291977271	1.22291977271	1.22291977271	1.22291977271	1.22291977271	1.22291977271	1.22291977271	1.22291977271	1.22291977271	1.22291977271
64	Two_Patterns	2.71899436854	2.72323845872	2.7247019493	2.72169641072	2.72006181124	2.71825543737	2.72047488867	2.72011513549	2.71657942362	2.72001741643	2.72130560591	2.72029680699	2.71690756641	2.71696546809	2.71544933999	2.71382817094	2.72044662754	2.72029680699	2.71974739728	2.72114699347	2.7174051527	2.71808461106	2.71975527459	2.7232512855	2.72146488765	2.72319683933	2.72029680699	2.719560548	2.71568240457	2.71975527459	2.72127764991
65	UWaveGestureLibraryAll	1.32224307352	1.32675564821	1.34053886369	1.33092668246	1.35076586994	1.36117840589	1.33194815271	1.34188303895	1.33861787356	1.43383363012	1.439757089	1.3771100368	1.44776310971	1.31802219252	1.35623092411	1.35728831763	1.28147642502	1.34179071753	1.33120436367	1.30270329232	1.37441635799	1.33484233276	1.44071063633	1.38083736297	1.30850094916	1.36140149489	1.35727476022	1.31098105233	1.28730312045	1.38776399621	1.29718799543
66	Wine	1.31413512667	1.31413512667	1.31413512667	1.31413512667	1.31413512667	1.31413512667	1.31413512667	1.31413512667	1.31413512667	1.31413512667	1.31413512667	1.31413512667	1.31413512667	1.31413512667	1.31413512667	1.31413512667	1.31413512667	1.31413512667	1.31413512667	1.31413512667	1.31413512667	1.31413512667	1.31413512667	1.31413512667	1.31413512667	1.31413512667	1.31413512667	1.31413512667	1.31413512667	1.31413512667	1.31413512667
67	WordsSynonyms	2.90671644819	2.82233146859	3.02731599854	2.89156568146	3.0010434624	2.96297622701	3.02590316047	3.02378226543	2.87464512956	3.0190880253	2.88905312319	3.02233611288	2.82378222055	2.854570251	2.96820269642	2.95143365338	2.98749869473	2.98162127168	3.04192310721	2.92413769389	2.91056991627	2.94720706462	3.01691356017	2.94905170269	2.97741505465	2.9781983319	2.90613948443	3.0283000862	2.89120731431	2.8943472535	2.91454182866
68	Worms	2.78741698189	2.8272254401	2.82469782917	2.81885328741	2.81494447097	2.75117822618	2.87540578718	2.88503805438	2.87362570727	2.78456029883	2.84883469789	2.89565385807	2.86359893163	2.8273986789	2.83462525571	2.91352891803	2.73704577697	2.91779318797	2.88213492048	2.85951403867	2.67264047426	2.86450341777	2.7157151035	2.78970940018	2.75308799707	2.71269015654	2.87794265808	2.82319223658	2.62057097342	2.75107477369	2.87357636914
69	WormsTwoClass	1.37326765117	1.36913554268	1.36076220012	1.36375187354	1.36869603199	1.36028581379	1.36575880458	1.36829603891	1.37141176695	1.37574601278	1.36913554268	1.35755297905	1.36575880458	1.36869603199	1.36076220012	1.35672498053	1.37343719877	1.35672498053	1.37141176695	1.35672498053	1.37191734318	1.37456496835	1.36829603891	1.37191734318	1.36913554268	1.36913554268	1.37141176695	1.37191734318	1.35755297905	1.37326765117	1.36213425723
70	synthetic_control	0.754148343426	0.754148343426	0.73813637974	0.752340006985	0.754148343426	0.752340006985	0.754148343426	0.872301318508	0.73813637974	0.774548976116	0.754148343426	0.754148343426	0.736328043299	0.754148343426	0.688509681233	0.688509681233	0.73813637974	0.754148343426	0.754148343426	0.754148343426	0.752340006985	0.752340006985	0.691444162362	0.736328043299	0.691444162362	0.754148343426	0.691444162362	0.754148343426	0.754148343426	0.752340006985	0.736328043299
71	uWaveGestureLibrary_X	2.25933390514	2.28148194972	2.24814308134	2.30743853147	2.33963784147	2.26645821465	2.29844868744	2.28701306339	2.24379494173	2.28336030675	2.30223796594	2.27156918277	2.31679130521	2.31884082543	2.31884082543	2.26232704922	2.27289166199	2.30645449072	2.30450257308	2.25933390514	2.33416752977	2.28823347329	2.27232443323	2.25933390514	2.25361071293	2.2753135198	2.24668736965	2.26282182437	2.28919388916	2.25933390514	2.27621694957
72	uWaveGestureLibrary_Y	2.20949374882	2.19090887444	2.1881779964	2.23636413834	2.18380992773	2.21566482731	2.18914176375	2.21857562161	2.19498063673	2.1956054683	2.18785159104	2.18408384153	2.19518199659	2.19022338513	2.21040206727	2.21669779376	2.21647363447	2.20011661926	2.18464871221	2.19714099429	2.19588296454	2.18047911396	2.1891984407	2.195651011	2.21758197258	2.20735014643	2.20735014643	2.1951639964	2.20363738452	2.20042787523	2.19445810641
73	uWaveGestureLibrary_Z	2.29060181894	2.30374534847	2.31754189781	2.31848716742	2.28987276345	2.24645201153	2.27904933221	2.32008592888	2.26320341401	2.23916699928	2.25883353691	2.31212912825	2.28893289934	2.31577053232	2.28697329867	2.25489984962	2.2905025586	2.3267208355	2.31621415661	2.31183032302	2.30815183752	2.27625587101	2.24764520144	2.27830568672	2.2882387844	2.30460955542	2.3025958692	2.32298625011	2.31428097772	2.30910709662	2.29020485377
74	wafer	0.935931089813	0.935931089813	0.935931089813	0.935931089813	0.935931089813	0.935931089813	0.935931089813	0.935931089813	0.935931089813	0.935931089813	0.935931089813	0.935931089813	0.935931089813	0.935931089813	0.935931089813	0.935931089813	0.935931089813	0.935931089813	0.935931089813	0.935931089813	0.935931089813	0.935931089813	0.935931089813	0.935931089813	0.935931089813	0.935931089813	0.935931089813	0.935931089813	0.935931089813	0.935931089813	0.935931089813
75	yoga	1.25937952098	1.25937952098	1.25937952098	1.25937952098	1.25937952098	1.25937952098	1.25937952098	1.25937952098	1.25937952098	1.25937952098	1.25937952098	1.25937952098	1.25937952098	1.25937952098	1.25937952098	1.25937952098	1.25937952098	1.25937952098	1.25937952098	1.25937952098	1.25937952098	1.25937952098	1.25937952098	1.25937952098	1.25937952098	1.25937952098	1.25937952098	1.25937952098	1.25937952098	1.25937952098	1.25937952098
