	dataset	chebyshev	cid-chebyshev	cid-minkowski_1	cid-minkowski_10	cid-minkowski_2	cid-minkowski_3	cid-minkowski_4	cid-minkowski_5	cid-minkowski_6	cid-minkowski_7	cid-minkowski_8	cid-minkowski_9	cort-chebyshev	cort-minkowski_1	cort-minkowski_10	cort-minkowski_2	cort-minkowski_3	cort-minkowski_4	cort-minkowski_5	cort-minkowski_6	cort-minkowski_7	cort-minkowski_8	cort-minkowski_9	minkowski_1	minkowski_10	minkowski_2	minkowski_3	minkowski_4	minkowski_5	minkowski_6	minkowski_7	minkowski_8	minkowski_9
0	50words	3.1970849021	2.7679214691	2.52610043134	2.76603561179	2.59546748236	2.52471421797	2.6696456384	2.73842003377	2.78669828657	2.71052074139	2.73097401022	2.74943132137	2.9282374492	2.78690652818	2.86091510356	2.71590883842	2.72660369781	2.73038092289	2.85731985244	2.72632463583	2.78084763633	2.80417090417	2.94212711763	2.75583599825	3.05147294224	2.66269465594	2.71731087983	2.61988494991	2.87161725133	2.92378052811	3.06212510365	3.0053781424	2.99631125074
1	Adiac	2.4795011154	2.39307480486	2.76563683929	2.60118010335	2.63400362608	2.61421810751	2.58135302053	2.55705403823	2.45345233678	2.48962198411	2.52633310938	2.51640725873	2.50179591497	2.73809092842	2.52954723493	2.69206077306	2.7075237616	2.4506917861	2.50622449569	2.51230878422	2.45146880685	2.47599397462	2.47972361507	2.70573922382	2.43747986482	2.70436480466	2.52935608611	2.56116789559	2.48821596233	2.49931649119	2.48852806612	2.39043081032	2.4700367579
2	ArrowHead	1.38746545177	1.61481467892	1.24144473487	1.49098516084	1.40471585179	1.3347553642	1.04047360603	1.30999658461	1.30999658461	1.41170742773	1.41170742773	1.49098516084	1.27826227524	1.26349681215	1.2329342748	1.3927365446	1.21615461662	1.0951822327	1.16735979008	1.16735979008	1.2319270746	1.2329342748	1.2329342748	1.0222515808	1.36446011405	1.0222515808	1.2143816053	1.18466857653	1.05020688199	1.05166000244	1.05166000244	1.05166000244	1.11785220394
3	BeetleFly	1.1935496041	1.1935496041	1.22172860411	1.23925014562	1.22172860411	1.22172860411	1.32414699617	1.32414699617	1.25569696905	1.25569696905	1.23925014562	1.23925014562	1.36615884757	1.37116721442	1.37116721442	1.37116721442	1.38629436112	1.38629436112	1.28888433591	1.38629436112	1.37116721442	1.37116721442	1.37116721442	1.34602333402	1.37116721442	1.34602333402	1.38629436112	1.22172860411	1.22172860411	1.22172860411	1.22172860411	1.36615884757	1.36615884757
4	CBF	1.98105001118	1.20182889282	1.43160077093	1.73525325496	1.75992738751	1.17302819207	1.64836307926	1.54364616605	1.45306030482	1.62490265847	1.83516738849	1.73525325496	2.13488088292	1.3898422527	1.99154499611	1.47290554957	1.67492800276	1.81431393104	1.87672732403	1.9605366197	1.98291611656	1.98826375559	1.99154499611	1.57475328555	1.84626006415	1.56382112177	1.58797837855	1.777630974	1.66548683579	1.74007965732	1.71528121221	1.74916227647	1.84626006415
5	Car	1.98277109753	1.65225303739	1.88651322709	1.59484466699	1.60113699803	1.6007268157	1.54252344303	1.87269799319	1.87269799319	1.99771503704	1.59484466699	1.59484466699	1.98850910363	2.30053729646	2.40572900862	2.28180475364	1.90667081075	1.92298565514	2.36006834884	2.31370922312	2.40553369635	2.41533869098	2.40572900862	2.00284247956	2.09956503946	1.98563127306	2.25379404791	1.8011204575	2.13752091408	2.01542799586	2.46417263947	2.04056844247	2.02520631774
6	ChlorineConcentration	2.04169531087	2.03974988489	2.01623741493	2.05440516461	2.05831512509	2.04420499149	2.05909472748	2.05642951729	2.05356530725	2.04880170035	2.04418526571	2.05440516461	2.05885831803	2.02163063006	2.05750499091	2.03003170526	2.01182465828	2.05115574896	2.03481775295	2.03923182112	2.05203176569	2.05729590244	2.05787125432	2.01154485531	2.04237911723	2.0202591315	2.04607173606	2.04976679086	2.05002198961	2.0581452195	2.06587244504	2.04185507379	2.04282868662
7	CinC_ECG_torso	2.20086919344	2.159593396	1.60322251173	2.068058076	1.58584495123	1.79608130843	2.05022711416	2.0892817033	2.07619489915	2.068058076	2.068058076	2.068058076	2.13743578393	1.77146949432	2.23735265605	1.62374568211	1.83632363728	2.31067430715	2.31739117302	2.21119024886	2.21119024886	2.23735265605	2.23735265605	1.635919409	2.31343178922	1.64126095273	1.94982100032	2.09909865332	2.15966558925	2.20873461121	2.20820599657	2.23086824222	2.29398624789
8	Coffee	0.542718039863	0.420355394148	0.639660207973	0.420355394148	0.420355394148	-2.22044604925e-16	-2.22044604925e-16	-2.22044604925e-16	-2.22044604925e-16	-2.22044604925e-16	0.259871834626	0.420355394148	0.542718039863	0.420355394148	0.542718039863	-2.22044604925e-16	-2.22044604925e-16	-2.22044604925e-16	-2.22044604925e-16	1.3658162094	0.259871834626	0.259871834626	0.259871834626	0.669988152915	0.420355394148	0.420355394148	-2.22044604925e-16	-2.22044604925e-16	-2.22044604925e-16	0.259871834626	0.259871834626	0.420355394148	0.420355394148
9	Computers	1.23542299346	1.09702202222	1.22989734534	1.09702202222	1.38366653504	1.13524884186	1.13524884186	1.13524884186	1.13632802381	1.13632802381	1.09702202222	1.09702202222	1.29328323611	1.3565408368	1.33411135596	1.38353779055	1.3819051623	1.37645883471	1.33758329015	1.33871219569	1.34070048924	1.34248373456	1.33927642415	1.26063373923	1.19420460516	1.36974325362	1.30812229092	1.31264923523	1.33079722263	1.32891035726	1.32473860515	1.32473860515	1.20734440458
10	Cricket_X	3.98236330206	3.65129628632	3.3501947957	3.59513734003	3.41199536169	3.48655506134	3.43211526142	3.4281273318	3.56545902146	3.57555227017	3.50577352825	3.61569702554	4.18984661445	3.96791029615	4.09940541139	3.6051361607	4.03596417036	4.07358758693	4.05939071985	3.83455466985	4.1229591732	4.09799898275	4.0984006141	3.78831791667	3.74488037139	3.70892932845	3.50915205729	3.84593302262	3.88944871038	3.9485308731	3.93840546586	3.84562389996	3.75602059026
11	Cricket_Y	4.16790206943	3.79158567504	3.61622885739	3.68853257314	3.58371818403	3.5801971678	3.66764580945	3.69931226066	3.65494165156	3.81552664836	3.66958928623	3.67563766896	4.22174277004	3.65889032032	3.99469039029	3.8111572928	3.83211482782	3.91012630086	3.8954036089	3.93984528965	3.88235725989	3.88079934602	3.94342030839	3.49409324293	3.87081720414	3.62404260171	3.70979722072	3.71118237736	3.86073508318	3.80289626637	3.79377519472	3.84911532812	3.87459815518
12	Cricket_Z	4.05216663369	3.52076203854	3.32359250827	3.54477917966	3.18326516197	3.44086700841	3.46935645772	3.41935210313	3.43094904342	3.47708703778	3.45394285937	3.57147474396	4.02841242956	3.93712592044	3.88617542671	3.89927185799	4.05947885996	4.06435381399	3.81652632622	3.92311753517	3.96002079699	3.90281035384	3.9002075204	3.74389699795	3.96916430708	3.81043102859	3.79131661938	3.88264875353	3.91148405219	3.71246423112	3.71666528645	3.79222553518	3.79879024287
13	DiatomSizeReduction	1.04041445655	1.04041445655	0.407653266435	0.329662552496	0.407653266435	0.407653266435	0.407653266435	0.407653266435	0.407653266435	0.407653266435	0.329662552496	0.329662552496	0.329662552496	0.350899932095	0.350899932095	0.350899932095	0.350899932095	0.350899932095	0.350899932095	0.350899932095	0.350899932095	0.350899932095	0.350899932095	0.329662552496	0.329662552496	0.639206791975	0.329662552496	0.350899932095	0.350899932095	0.329662552496	0.329662552496	0.329662552496	0.329662552496
14	DistalPhalanxOutlineAgeGroup	1.72742100644	1.66793854738	1.44212457061	1.40363364506	1.66743392692	1.68136164638	1.68136164638	1.66349153517	1.64046181701	1.40363364506	1.40363364506	1.40363364506	1.50868526881	1.64786487449	1.48009828506	1.42878310136	1.4223774394	1.40332950118	1.6492168441	1.60642361752	1.60642361752	1.60642361752	1.48009828506	1.45900015915	1.66221906549	1.64646091184	1.64539890796	1.64880535975	1.66856561501	1.67379957354	1.67532004349	1.67532004349	1.66221906549
15	DistalPhalanxOutlineCorrect	1.29502770747	1.29251794562	1.2941347732	1.2860481992	1.2941347732	1.28929117525	1.28929117525	1.28929117525	1.29100238769	1.29100238769	1.2860481992	1.2860481992	1.28626978733	1.28120384982	1.2788059033	1.28120384982	1.2801026051	1.27731407444	1.27562730198	1.27562730198	1.27731407444	1.2788059033	1.2788059033	1.2902369446	1.29965620947	1.28738422822	1.28738422822	1.2922839467	1.29283966303	1.29283966303	1.29283966303	1.29965620947	1.29752346621
16	DistalPhalanxTW	1.80350688715	1.81966536753	2.06270680475	1.72518456954	2.01066013912	2.03206023472	2.05310688635	2.10518261583	2.09924814939	1.70549755245	1.72388115445	1.72518456954	1.61101989303	1.385233301	1.54383360287	1.53883107299	1.48067549831	1.58954827701	1.59265455235	1.53101957164	1.58689394349	1.54383360287	1.54383360287	1.99496038756	1.81346461089	2.05452747797	2.02959073547	1.77927471577	1.70465831465	1.79155415563	1.83269107549	1.81346461089	1.81346461089
17	ECG200	1.24028191102	1.15504930472	0.982534333651	1.05171581522	0.982534333651	0.963299041239	1.01295323855	0.987502800197	0.963299041239	1.01024348482	1.01024348482	1.01024348482	1.07587865811	1.26650111972	1.05620709285	1.29796040073	1.01295323855	1.03525985331	1.23774623412	1.26189925063	1.27396614457	1.07587865811	1.03161976437	1.16408284545	1.20592041284	1.27914003357	0.974308083484	1.03570706066	1.10976626762	1.12238141222	1.1628879168	1.1766788706	1.18951092645
18	ECG5000	1.27050300737	1.24807835644	1.05984678577	1.25993483446	1.19058743768	1.2173983309	1.20889897206	1.1625645836	1.16582370992	1.14229553688	1.28358636675	1.34775069439	1.14079710926	1.24702138104	1.21038580467	1.15205997064	1.0758794663	1.05926639674	1.15313812642	1.1743189323	1.22144980946	1.222466398	1.22222939603	1.23361199882	1.2954527282	0.947358334877	1.2758339211	1.34597317353	1.31839694913	1.30545833205	1.29634837937	1.27965150922	1.32110361768
19	ECGFiveDays	1.31577655904	1.13067350109	1.35370017725	1.13067350109	1.28129436079	1.28129436079	1.22497872448	1.19339153973	1.19339153973	1.19339153973	1.22497872448	1.13067350109	1.26871055347	1.35370017725	1.26871055347	1.26282009063	1.26871055347	1.26871055347	1.26871055347	1.26871055347	1.26871055347	1.26871055347	1.26871055347	1.35370017725	1.28129436079	1.35370017725	1.35370017725	1.35370017725	1.28129436079	1.28129436079	1.28129436079	1.28129436079	1.28129436079
20	Earthquakes	1.17694128837	1.25224153887	1.252940369	1.24771156175	1.25491008426	1.19382178285	1.20879708114	1.22001653567	1.23401139553	1.24452758222	1.24949544661	1.25164045039	1.2529361507	1.24809458633	1.24947845738	1.25720026279	1.25575892049	1.25678408041	1.25430039413	1.25224153887	1.25039515705	1.24529865313	1.24219785407	1.25491008426	1.25039515705	1.25534657359	1.25583033885	1.23709143744	1.25328513303	1.25451621246	1.24669744192	1.24395391501	1.252940369
21	FISH	2.97035741246	2.95540072428	2.50952786428	2.96424633272	2.35133767057	2.34867462133	2.62139325637	2.86105582718	2.80780436642	2.75575711689	2.80989395132	2.77328990721	3.05871406311	2.33834897606	2.37148221071	2.02887545692	2.16353514386	2.25560299121	2.3022523147	2.32970101342	2.34003648537	2.33942358831	2.35504831092	2.51348648112	2.8723577965	2.31564679437	2.29904042356	2.35289687964	2.67764870628	2.81797742829	2.71941886938	2.73077668633	2.83110994519
22	FaceFour	1.72931692788	1.87307871536	1.62210294635	2.13934199021	1.76594398258	1.74460443373	1.96605519507	2.0036864128	2.19542852891	2.01851146151	2.01375193646	2.01375193646	1.75400316175	1.18711283058	1.79778092103	1.11854376516	1.41085716612	1.62666290058	1.69449068928	1.69449068928	1.76352697952	1.76352697952	1.79778092103	0.988856214328	1.62694172015	1.43921785237	1.40521213923	1.63571949353	1.84308648288	1.53570117548	1.85603623442	1.85603623442	1.76352697952
23	FacesUCR	3.02839344313	3.01944179111	2.85923236409	2.91382880951	2.69969532424	2.8139089745	2.81232574454	2.71861931134	2.80715013175	2.74498234623	2.84532898028	2.89095106838	2.81981336029	3.06813233119	2.80917179983	2.95797097085	2.65102999803	2.80254231111	2.81508788203	2.7883194498	2.81503205958	2.75392747691	2.80917179983	2.96956968155	3.00135818249	2.62577778907	2.75730484603	2.71901436964	2.65669466735	2.6415165793	2.78931386663	2.72106025952	3.03008151468
24	FordA	1.38560193267	1.38446649099	1.38346165872	1.38528856262	1.37752984363	1.38557580292	1.38523221179	1.38564798087	1.38045233981	1.38121611412	1.38534713314	1.38553579083	1.3851795137	1.37783678622	1.37986005752	1.38551212221	1.38498382118	1.38395738957	1.38457570582	1.38374692848	1.38038130386	1.38035182321	1.38022401663	1.38518960835	1.3846267037	1.38575074365	1.38474904124	1.38524269982	1.38548370031	1.38552233621	1.38497067529	1.38452228615	1.38446547623
25	FordB	1.38376726703	1.38280925067	1.36136677252	1.38250892077	1.38497325362	1.38563326542	1.38604530857	1.38530169018	1.37770167632	1.37904871363	1.3793589702	1.37920140907	1.3856388448	1.38320311031	1.38579893069	1.38502182894	1.38373743952	1.38469902891	1.38597203508	1.38593335911	1.38562630499	1.38570268389	1.38564008891	1.36348637723	1.38539937045	1.38459817605	1.38607876638	1.38525825832	1.38604530857	1.38600197046	1.38623949004	1.3854572991	1.3853229114
26	Ham	1.38312884095	1.37780583483	1.37994812153	1.35969171358	1.37755705929	1.35957018718	1.35398152711	1.35738229435	1.35738229435	1.35969171358	1.35738229435	1.35969171358	1.38475384418	1.35443878311	1.38330774431	1.3648817567	1.36492915289	1.37556268098	1.37556268098	1.37768183702	1.37842932343	1.38100907564	1.38263407887	1.3758080363	1.37715718842	1.33008741073	1.38312884095	1.38512301534	1.38330774431	1.38303052682	1.38083971889	1.38077885076	1.37715718842
27	HandOutlines	1.09650685808	1.07851970754	1.07235111105	1.31533530167	1.03935780075	1.08082237913	1.24477679303	1.26640924792	1.27706068206	1.31336740542	1.31070097869	1.31336740542	1.3213916686	1.05411673693	1.3086822319	1.05760335544	1.06584063602	1.34406421099	1.34414409833	1.29940416428	1.30535849706	1.30756095626	1.3086822319	1.02834748927	1.31564046916	1.04442642549	1.3448312245	1.34088577138	1.33781188302	1.34353882902	1.31076607885	1.31270160281	1.31564046916
28	Haptics	2.83803461482	2.84429084027	2.80991055977	2.90233410458	2.74038470246	2.826092139	2.79339566332	2.8064811557	2.85582989306	2.78322516887	2.80526206272	2.80893601516	2.78754405243	2.74678242831	2.68218197253	2.66553468647	2.86687874356	2.73283502821	2.77620621425	2.6099620573	2.61092801691	2.66630875355	2.68218197253	2.83628093289	2.96555066101	2.59757958867	2.81472819228	2.74434393759	2.81199106064	2.7195539008	2.75838865402	2.72208296245	2.94519165725
29	Herring	1.34698015331	1.3529261047	1.33513605294	1.35662311417	1.35590619544	1.34865669425	1.32466435327	1.32466435327	1.32466435327	1.32466435327	1.32466435327	1.35662311417	1.3529261047	1.35432476584	1.32466435327	1.35842787704	1.34621164233	1.34621164233	1.33663554862	1.33663554862	1.32466435327	1.32466435327	1.32466435327	1.33551789208	1.31522672167	1.35432476584	1.34621164233	1.33663554862	1.32466435327	1.32466435327	1.32466435327	1.32466435327	1.31522672167
30	InlineSkate	3.21732217068	2.88730554792	3.12036008752	3.01702225909	3.23205899505	3.00784448579	3.02563367719	3.24668311678	3.08727041037	3.19179188708	2.98546859329	3.01702225909	3.08497768626	3.22690912991	3.14924967848	3.14732457924	3.10932500324	3.23136376633	3.08758151515	3.21581936677	3.37753479293	3.37753479293	3.12600395115	3.14315637713	2.9946618544	3.0502588111	3.03540878092	3.29882049462	3.2813305453	3.19823024066	3.23756170196	2.9946618544	2.9946618544
31	ItalyPowerDemand	0.820868925829	1.20988668851	1.37761938292	1.2153297667	1.22784682804	1.13213918186	1.22289592952	1.22289592952	1.2153297667	1.2153297667	1.2153297667	1.2153297667	0.534204393298	0.305445660857	1.05431477696	0.134658581403	0.134658581403	0.134658581403	1.10816673618	1.10816673618	1.10816673618	1.05431477696	1.05431477696	0.534204393298	1.02169178161	0.305445660857	0.305445660857	0.227895244994	0.787488192899	0.93591005764	0.983101156488	0.983101156488	0.983101156488
32	LargeKitchenAppliances	1.90205792994	2.08385250948	2.07691620944	2.09517486939	2.14451396438	2.10696129706	2.03393819727	2.09658858766	2.11343003669	2.10951937749	2.11234565486	2.10744910119	1.90498553301	1.84593889641	2.13152631461	2.04155109259	2.09522620798	2.09614359768	2.08910906756	2.08379967921	2.10798467077	2.06681859381	2.13219006903	1.5509718452	2.0934699638	2.01450015023	2.10406507525	2.10655724911	2.10723774984	2.10073111224	2.12340871759	2.09940766652	2.08885324215
33	Lighting2	1.26303641494	1.17047081829	1.18550838039	1.17047081829	1.17047081829	1.17047081829	1.15927248197	1.17047081829	1.17047081829	1.17047081829	1.17047081829	1.17047081829	1.21481645668	1.30427307228	1.22786879496	1.3017365692	1.26030499256	1.20340243714	1.2703521453	1.2703521453	1.2703521453	1.2703521453	1.2703521453	1.30955985069	1.29307215719	1.25930626921	1.23047644077	1.24677005149	1.2703521453	1.29307215719	1.29307215719	1.29307215719	1.29307215719
34	Lighting7	2.55497394762	2.40907131651	1.93638309067	2.41848359513	2.27502683911	2.16744046813	2.33705876796	2.350693392	2.32867115792	2.78796473285	2.50117282839	2.44530554248	2.79091795391	2.09649267869	2.74351582201	2.45687566875	2.95772851466	2.74390299439	2.77579266811	2.82309207458	2.82452303654	2.80635173372	2.74351582201	2.1146691363	2.45701432996	2.36548025536	2.69533081618	2.55062280603	2.38376490123	2.53580047504	2.57986139314	2.45831482604	2.50525480058
35	MALLAT	0.960741702351	0.963838497807	0.684578558931	1.00477246012	0.681985597598	1.00037867675	0.569953834505	0.521821813602	0.921331729434	0.780546245448	0.776481644024	0.82423581328	0.704057293277	0.969435438608	0.834036021212	0.665237075507	0.827807649854	0.808945383221	0.90358864451	1.04823693044	0.834036021212	0.834036021212	0.834036021212	0.933442609134	0.952486671902	1.00058411153	1.44640429003	0.899647989422	1.06929079476	1.17011220284	1.15201802314	1.15201802314	0.952486671902
36	Meat	0.577170949354	0.577170949354	0.50352969701	0.565414769024	0.771032295363	0.861376441439	0.826166763749	0.914111476277	0.577170949354	0.785614947027	0.577170949354	0.565414769024	0.577170949354	0.220060893492	0.565414769024	0.837131312702	0.861376441439	0.826166763749	0.577170949354	0.577170949354	0.577170949354	0.577170949354	0.577170949354	0.220060893492	0.565414769024	0.837131312702	0.861376441439	0.826166763749	0.745466793541	0.745466793541	0.577170949354	0.577170949354	0.577170949354
37	MedicalImages	3.18716243362	3.01299568553	2.83014425517	3.02707942405	2.95082984208	2.94639088528	2.93285453501	2.93747766989	2.83116495233	2.79670862511	2.94465056151	2.98151973889	2.91049834111	3.00408466946	2.97786363314	2.71645018717	2.78891906759	2.78134414527	2.73275726255	3.09218554921	3.06745439742	2.92248699876	3.05589447344	3.06071088487	3.21978388085	3.1063180202	3.1025082654	3.08035868873	3.06629939832	3.14665537044	3.21166920925	3.24412290793	3.23514516332
38	MiddlePhalanxOutlineAgeGroup	2.02197666627	1.95698933343	2.02598924477	2.00250433437	2.02143709597	1.96706035336	2.00971144866	2.01485642809	2.01485642809	2.01485642809	2.01485642809	2.01485642809	2.01309573577	2.01931174011	2.00499956639	2.02076061804	2.01622289147	2.00971144866	2.01497291684	1.99883586344	2.01300731236	1.99444787358	1.99444787358	2.01931174011	2.00289483584	1.9205163767	2.00572648536	2.02426802021	1.99482728273	1.99021141692	1.99021141692	1.99021141692	1.99023513564
39	MiddlePhalanxOutlineCorrect	1.29307399845	1.3172822534	1.34759947708	1.37601142472	1.37505280271	1.36867671432	1.36938603157	1.36990989418	1.37601142472	1.37601142472	1.37623137946	1.37623137946	1.28713292438	1.35252648603	1.29529690337	1.36477975396	1.27086107653	1.37296310205	1.33242059099	1.32837552404	1.19718578164	1.26509482261	1.26530099716	1.35249934591	1.26477228713	1.12443282492	1.35252648603	1.35214572955	1.18844119347	1.37051863791	1.37240721558	1.25819915069	1.26509482261
40	MiddlePhalanxTW	1.94915530908	1.94402074909	1.98571274652	1.9982039464	2.08459248444	1.95189882321	2.04778822417	1.99760644719	1.92020835993	1.95115627138	1.97969190199	1.89167246463	1.97411138252	2.02129740974	2.03555257838	1.94417389487	1.93507711267	1.97818149072	1.9964997435	2.00346852075	1.93962948294	1.87574157732	1.97866862809	1.91794355811	2.02353131988	1.98298405091	1.9523123154	1.86968951958	1.94175813599	1.93815651713	2.01398352324	1.89112695884	2.02353131988
41	MoteStrain	1.36615884757	1.37116721442	1.38629436112	1.37116721442	1.37116721442	1.37116721442	1.37116721442	1.37116721442	1.37116721442	1.37116721442	1.37116721442	1.37116721442	1.32957651059	1.11627509244	1.25569696905	1.11627509244	1.34602333402	1.1935496041	1.32414699617	1.32414699617	1.32414699617	1.32414699617	1.25569696905	0.830493763776	1.36615884757	1.11627509244	1.28888433591	1.34602333402	1.34602333402	1.34602333402	1.37116721442	1.37116721442	1.36615884757
42	NonInvasiveFatalECG_Thorax1	2.77689011061	2.718798125	2.35211856467	2.64707709066	2.30623489097	2.30119312682	2.4646209934	2.49824459691	2.55348345318	2.67228031241	2.59055107051	2.58203237536	2.77444507099	2.45664795403	2.63055588742	2.37932202517	2.32525238864	2.54842327426	2.58059996352	2.59534763476	2.60897704875	2.59800039036	2.82041633605	2.74689428054	2.68193478353	2.32445040139	2.36581507447	2.37858993946	2.62500938877	2.62697621206	2.50754765174	2.43865972351	2.6051122935
43	NonInvasiveFatalECG_Thorax2	2.15369591634	1.91780802595	2.18350482389	2.03884077692	1.77682761103	1.76556856203	1.99229747741	1.80060651438	1.79195553962	1.91541856842	2.01072343378	2.05162260419	2.09355471403	1.95941123477	1.92599201715	1.8150353103	1.85866433645	2.06839859254	1.9662674202	1.976612958	2.13812221266	2.09519753932	2.03168067876	2.01448774351	2.09008588758	1.98942568612	2.07189693029	2.12073992517	2.16501204957	2.14435531885	1.97921954843	2.11987395168	2.06841701799
44	OSULeaf	3.11442101967	2.30899551826	2.35564727273	2.08689139462	2.12422197764	2.19048291896	2.28137769117	2.15744447712	2.16658691251	2.15388777078	2.15327525621	2.13113253882	3.09452264637	2.91050643607	2.9937877911	2.99814647783	2.97799684828	2.94448063404	2.97572865121	2.99004974741	3.02182857322	3.0052490283	3.0005903462	3.02119942557	3.02324927716	2.88656268627	2.82134909	2.9006894708	2.96432598943	3.0537744129	3.05742594736	3.03823819966	3.02995513262
45	PhalangesOutlinesCorrect	1.33148592064	1.32138477154	1.33630997567	1.3171355744	1.33635998547	1.3181626579	1.31747439963	1.31701425795	1.31707620098	1.31660833324	1.31672196332	1.31672196332	1.33035691858	1.33747741217	1.33098543586	1.32959270479	1.33622167284	1.33560720029	1.33556716159	1.3348584523	1.33495730235	1.33514588325	1.33316152047	1.33732397472	1.32901437521	1.33462842909	1.33299134423	1.3301398591	1.32983461765	1.32967657302	1.32958216862	1.32869706034	1.32869706034
46	Phoneme	3.50837455498	3.2470285787	3.16328652538	3.18513994145	3.1938492128	3.26314405892	3.13224840246	3.14663833926	3.15145380809	3.24926964755	3.22764659622	3.19915115822	3.49525287658	3.51083959376	3.60802656422	3.4547857596	3.43501476763	3.48883843706	3.55864424984	3.594223482	3.59768781985	3.6162246387	3.60933441966	3.49162374731	3.5569164554	3.43921224102	3.43336402808	3.51801082195	3.55925495519	3.61803454856	3.55531243916	3.55156656719	3.56524871978
47	Plane	0.617284731385	0.970776747821	0.813375019335	1.13877792746	1.02508837501	1.04611481309	0.701255393014	0.893710591363	0.911848066998	0.960016567993	1.11880044964	1.13877792746	0.643724568001	0.429747141175	0.810197140651	1.02144150114	0.935124120245	1.11400167783	0.654442075741	0.814598696397	0.814598696397	0.810197140651	0.810197140651	0.971049761695	0.867368609375	1.00181844978	0.505044926583	0.513811214038	0.78900806196	0.815738864335	0.812549398148	0.866404536425	0.866404536425
48	ProximalPhalanxOutlineAgeGroup	1.17229657849	1.25953461644	1.07665313299	1.02064635391	0.994132535678	1.00609856583	1.15467076999	1.1555025984	1.02752385837	1.02415185939	1.02415185939	1.02415185939	1.05036879796	1.1057201722	1.11220814115	1.09441333496	1.15822881172	1.09520012772	1.04245843122	1.04507379535	1.21735090401	1.11220814115	1.11220814115	1.16885730534	1.03387658486	1.16203354731	1.14343503101	1.19734088776	1.20547288922	1.04507379535	1.03686157073	1.03686157073	1.03686157073
49	ProximalPhalanxOutlineCorrect	1.24308186621	1.19991253719	1.21940573593	1.19147158146	1.19573992396	1.24611680845	1.23352049003	1.23352049003	1.23017755072	1.23017755072	1.19573992396	1.19147158146	1.24308186621	1.23676409671	1.24308186621	1.24308186621	1.23997153323	1.24308186621	1.24308186621	1.27704624185	1.26989212703	1.24308186621	1.24308186621	1.23345467128	1.23678477063	1.24308186621	1.24308186621	1.23997153323	1.23678477063	1.23678477063	1.23678477063	1.23997153323	1.23678477063
50	ProximalPhalanxTW	1.43019743502	1.25102084054	1.29707673775	1.37023848188	1.39214082996	1.33377173459	1.38253784734	1.39163212849	1.2930305743	1.32757782311	1.32757782311	1.37023848188	1.39217133202	1.34526840294	1.62134175132	1.34921095522	1.55265173574	1.58814161496	1.6068001772	1.60286956414	1.62118712229	1.46105805996	1.46105805996	1.35359693289	1.45533921295	1.39268113803	1.4925600734	1.47931495926	1.47376687363	1.45791770413	1.48536066214	1.42697580648	1.42851330889
51	RefrigerationDevices	1.93977929544	2.14442053597	2.17049924802	2.13786186244	2.12796924554	2.13149520495	2.1253619662	2.13102636938	2.14369220263	2.13998234065	2.13911188648	2.1395127117	2.15418942768	2.1523264002	2.18699367966	2.15887169454	2.15397368471	2.14460468984	2.17613463157	2.19432553326	2.18931346087	2.1881430554	2.1877138446	2.13345367203	2.10899910705	2.18634777003	2.17482155015	2.16810058067	2.16215108309	2.17980116625	2.17953143289	2.17729892091	2.14000919169
52	ScreenType	2.16725885933	2.14950535373	1.98012847482	2.0434722879	2.13376562503	2.01997806189	2.00773987632	2.01463709075	2.02700659781	2.03949161121	2.03949161121	2.03485059959	2.18964143881	2.01220261852	2.16789734002	2.10287924902	2.17224625474	2.18004375537	2.18208011026	2.18053178416	2.17680473893	2.17684536459	2.17208171528	2.05444960447	2.12632819065	2.11285380962	2.14337337191	2.02915807177	2.05818229309	2.1090980118	2.11454326952	2.11750784316	2.12750313485
53	ShapesAll	3.01084769901	2.98986832015	2.42865259167	2.88609097426	2.46177935955	2.50552190386	2.62439822523	2.77491096627	2.72346978788	2.7212784721	2.73110615594	2.80727427925	2.97168215777	2.66534258578	2.64495104171	2.63715835407	2.65946031252	2.63151641429	2.81429492183	2.79549952825	2.77073202998	2.92077613832	2.65053061874	2.48384758072	2.68208793544	2.65404338504	2.77568536483	2.74837521834	2.74736190626	2.74709826564	2.72941010016	2.71484162079	2.73286166997
54	SmallKitchenAppliances	1.66421742411	2.06348139049	1.90095436929	2.07420722242	1.96005901434	2.06181786898	2.01866565126	2.04225400546	2.04771859692	2.04944968775	2.07965860283	2.0771126868	1.98059750564	1.58309770411	2.10411913795	1.84336397971	2.18314333208	2.18568550429	2.1849169518	2.14126182297	2.15843614815	2.08040380899	2.09751984713	1.3804424718	2.08234847799	1.94329298585	2.17569601272	2.17266358467	2.1764434798	2.17930235056	2.12799405515	2.15365269984	2.00750514652
55	SonyAIBORobotSurface	1.15733856004	0.512015480649	1.17859541315	1.29468514326	1.2758324826	1.30401148261	1.29468514326	1.30401148261	1.30401148261	1.30401148261	1.30401148261	1.29468514326	1.15733856004	1.21688339538	1.14330008312	1.03063963768	1.03063963768	1.15733856004	1.15733856004	1.15733856004	1.14330008312	1.14330008312	1.14330008312	1.10051303246	1.2750400421	1.10051303246	1.15733856004	1.15733856004	1.2750400421	1.25569696905	1.25569696905	1.25569696905	1.25569696905
56	SonyAIBORobotSurfaceII	1.22459203287	1.35707905868	0.832878149907	1.35707905868	0.940733814265	1.33491973589	1.34632050588	1.30090468538	1.30090468538	1.28175285072	1.36257863469	1.36257863469	0.940733814265	0.940733814265	1.19855998223	1.30090468538	1.33491973589	1.30090468538	1.30090468538	1.22459203287	1.22459203287	1.22459203287	1.19855998223	0.940733814265	1.19855998223	0.940733814265	0.940733814265	1.02002553584	1.22459203287	1.27860657381	1.27860657381	1.27860657381	1.27860657381
57	StarLightCurves	0.840655130387	0.864221549685	0.79277455515	0.830145461266	0.817213509322	0.816051604249	0.830767680182	0.854042772297	0.826884035127	0.826884035127	0.830541477897	0.839183568715	0.822037316544	0.791169858137	0.823575821939	1.49741397807	1.5430244395	0.834724323158	0.831637722059	0.831637722059	0.831637722059	0.817283279485	0.823575821939	1.50144206784	0.85169302182	0.790154313729	1.74034165324	1.69498450415	0.83664954505	0.837469059282	0.839080447279	0.839080447279	0.835566338042
58	Strawberry	1.25695797462	1.25971018083	1.2140735202	1.25782616608	1.2209330876	1.28221936043	1.28035017169	1.25124475787	1.24950350847	1.26672857065	1.26383282168	1.26383282168	1.25489557156	1.27936185113	1.22093525977	1.20682605153	1.281822676	1.2358646066	1.23945122362	1.23945122362	1.23945122362	1.23148666407	1.23148666407	1.20038955586	1.23148666407	1.2073648648	1.29623223664	1.27312279348	1.23838717841	1.23551311362	1.23551311362	1.23148666407	1.23148666407
59	SwedishLeaf	2.86879442237	2.8396468838	2.17863073028	2.28748238507	2.13928984474	2.2732754476	2.37661740454	2.37789281643	2.40353835359	2.43146932702	2.32116747861	2.41599809234	3.05759981419	2.8445487425	2.74859852314	2.79468156416	2.74175965436	2.73983367368	2.74152183656	2.79222955337	2.741680481	2.74066823133	2.6782600775	2.85962580156	2.83741221694	2.78152621244	2.6770506416	2.78066514233	2.78931879009	2.80690008675	2.869416832	2.90160305799	2.91785297644
60	ToeSegmentation1	1.3217088274	1.37627762743	1.37627762743	1.29489327807	1.36240100208	1.38253651563	1.38128599427	1.37116721442	1.36240100208	1.36240100208	1.36240100208	1.29489327807	1.38128599427	1.3557209663	1.28706626758	1.36240100208	1.37627762743	1.34059381959	1.34059381959	1.27060947188	1.27060947188	1.28706626758	1.28706626758	1.35188639142	1.38253651563	1.38629436112	1.37116721442	1.35188639142	1.35188639142	1.35188639142	1.3557209663	1.38253651563	1.38253651563
61	ToeSegmentation2	1.36758126219	1.22890041926	1.38165276185	1.22890041926	1.34837444779	1.29175773744	1.26194574987	1.24156647855	1.17240597132	1.17240597132	1.17240597132	1.22890041926	1.32966134885	1.38165276185	1.36916396883	1.35675405895	1.36916396883	1.36916396883	1.38165276185	1.37392315319	1.37392315319	1.37392315319	1.36916396883	1.36916396883	1.38165276185	1.36916396883	1.34361526342	1.36758126219	1.35675405895	1.35675405895	1.36758126219	1.36758126219	1.36758126219
62	Trace	2.25978453987	0.720270883887	1.0436437605	1.21337372964	0.986571890336	0.616080378049	1.24332258294	1.24305360582	1.21337372964	1.21337372964	1.21337372964	1.21337372964	2.49657024788	1.35489823684	1.80343601843	1.34829710743	1.31606271524	1.62796726745	1.69236684887	1.96513221004	1.96513221004	2.52577672519	1.80691516373	1.35489823684	2.14980279503	1.24281749284	1.46528875424	1.55061062592	1.88679162148	1.92045102308	1.92045102308	2.15403295919	2.14980279503
63	TwoLeadECG	1.22466511486	1.22466511486	1.22291977271	1.22466511486	1.27678525066	1.22466511486	1.22466511486	1.22466511486	1.22466511486	1.22466511486	1.22466511486	1.22466511486	1.22291977271	1.33570597433	1.22291977271	1.33570597433	1.33570597433	1.22291977271	1.22291977271	1.22291977271	1.22291977271	1.22291977271	1.22291977271	1.22291977271	1.22466511486	1.22466511486	1.22466511486	1.22466511486	1.22466511486	1.22466511486	1.22466511486	1.22466511486	1.22466511486
64	Two_Patterns	2.62006225569	2.46007049487	2.66554479454	2.71708476887	2.69324821866	2.71611942967	2.7098195158	2.71404597223	2.71277927545	2.71342172022	2.71343736377	2.71809041854	2.70824662328	2.70101551402	2.71510181256	2.72871649423	2.72393726287	2.75379901766	2.73859552018	2.73132500547	2.71377944363	2.7107272285	2.71355239443	2.70881251483	2.69977308174	2.69385527823	2.71240902726	2.6254119143	2.69649427144	2.69229082037	2.70483979925	2.68961732354	2.69535290225
65	UWaveGestureLibraryAll	3.59894721762	3.51975844853	2.02295438496	2.7193592138	1.58699404195	2.18506709539	2.72203379874	2.45199919981	2.72573072825	2.52091758692	2.64131013096	2.69165986646	2.71406801843	1.82875257075	2.3070997792	1.66787464888	1.82319418052	1.97004313203	2.18883059551	2.26966885313	2.17112625219	2.2836665057	2.30377138241	1.65977787691	3.0584482272	1.85983199775	1.90971861337	2.04579100621	2.29339487133	2.36591516306	2.19365772215	2.22558451753	3.03609648899
66	Wine	1.34567323733	1.34567323733	1.32827566715	1.34567323733	1.31413512667	1.32711588037	1.31413512667	1.31413512667	1.34567323733	1.34567323733	1.34567323733	1.34567323733	1.34567323733	1.32827566715	1.34567323733	1.31413512667	1.32711588037	1.31413512667	1.31413512667	1.34567323733	1.34567323733	1.34567323733	1.34567323733	1.32827566715	1.34567323733	1.31413512667	1.32711588037	1.31413512667	1.31413512667	1.34567323733	1.34567323733	1.34567323733	1.34567323733
67	WordsSynonyms	3.47656786019	3.24351660061	3.01685992391	3.00498776636	2.94295989341	2.95881828248	3.01259101043	3.03130390953	2.98822825695	2.98252182635	3.12039813133	3.01137188893	3.1249926082	3.28168146185	3.17541532572	3.21452218472	3.21978893973	3.13197957247	3.18798399347	3.09559279403	3.13004617485	3.20875486971	3.204581026	3.27195632305	3.31222972766	3.25123632723	3.10835241624	3.15001529775	3.24733139548	3.20200603322	3.16017657712	3.14902055313	3.15163725585
68	Worms	2.81661885383	2.80554215958	2.22014261588	2.5382670228	2.31401768621	2.39213680218	2.14608403892	2.01747982169	2.36078428007	2.54078756545	2.45644005451	2.51764819817	2.78790215539	2.72403549344	2.77196720694	2.72613384242	2.87520230797	2.91373430505	2.79409300046	2.73310135177	2.76241135117	2.76241135117	2.71531475457	2.73371701313	2.87397442557	2.89871988165	2.92323112437	2.78626299935	2.84334186001	2.80585968446	2.80585968446	2.84315688866	2.85721864833
69	WormsTwoClass	1.36213425723	1.34794213837	1.36913554268	1.37326765117	1.1601230268	1.33387090808	1.35560406234	1.37456496835	1.37326765117	1.36575677401	1.37141176695	1.37326765117	1.37456496835	1.37326765117	1.37343719877	1.3671125283	1.37523980814	1.36828841048	1.37456496835	1.36828841048	1.36828841048	1.37326765117	1.37326765117	1.36080394117	1.36828841048	1.34672754863	1.36076220012	1.37574601278	1.37304236794	1.37304236794	1.36260873486	1.36260873486	1.33630876927
70	synthetic_control	2.25803229108	2.02493091083	1.95912006426	1.38193892881	0.986772559006	1.63346538785	1.55417965499	1.49972914553	1.58506417853	1.37263180825	1.37036768914	1.36800164666	2.18101052709	2.53985833076	2.26620087773	2.32454564835	2.32956157426	2.30491991736	2.46817911943	2.46135660812	2.44290528167	2.20431263811	2.21111018665	2.06770458559	1.89940745944	2.32162240773	2.11065558158	1.98690385476	2.10341504104	1.97164534873	1.93377865239	1.94652701203	1.89403161104
71	uWaveGestureLibrary_X	2.87278803099	2.39272960973	2.32518123917	2.520195296	2.57957423045	2.69446120833	2.31838414909	2.41084197538	2.45328079238	2.47103928474	2.53164798003	2.53149394334	2.919786929	2.93720437235	2.691309718	2.55364409562	2.79562820951	2.69044737568	2.71954461763	2.51409732506	2.53994710106	2.65303916557	2.67824365523	2.61634868141	2.5468757115	2.63104528727	2.3577958215	2.38948996143	2.69072682704	2.6690033466	2.72870423504	2.79823756085	2.72289977317
72	uWaveGestureLibrary_Y	2.90692562366	2.57623528039	2.54126018623	2.37712486056	2.24967320879	2.32668779257	2.19043923928	2.37932624479	2.33580368328	2.34826766384	2.36341561462	2.37355575134	2.70603127887	2.63345354591	2.66015003601	2.34711998506	2.43736022856	2.47905180725	2.60881409383	2.77197188229	2.74127745565	2.59367984137	2.65468735488	2.38421503206	2.59768718356	2.3517366261	2.40695541835	2.31998505881	2.45595402914	2.54299414154	2.57348354062	2.64015183744	2.66050920054
73	uWaveGestureLibrary_Z	2.61626357513	2.73920656333	2.41114719011	2.52108497855	2.4274627552	2.35405053257	2.36099684842	2.35726616195	2.55409390614	2.57854862194	2.59092311015	2.60916486151	2.72293920447	2.55929307993	2.63644332147	2.40643081798	2.67405053131	2.47755016034	2.48974104591	2.51746716414	2.60183222274	2.6101127852	2.63412917211	2.40129666013	2.50731352906	2.34333685757	2.40280963706	2.44664959158	2.4063320181	2.43902051344	2.35780885367	2.39641840329	2.4410007565
74	wafer	0.851052664449	0.67913794421	0.935931089813	0.68112458787	0.935087371173	0.895126504191	1.00875410616	0.99935942114	0.996653379804	0.907973254874	0.68112458787	0.68112458787	0.962066256996	0.934278443351	0.994054518912	0.936256729879	0.976493603708	0.977428647966	0.984728540507	0.989306901043	1.00253663145	1.00175184652	1.00059084843	0.934149960853	0.907381275896	0.935931089813	0.917781599402	0.907034822085	0.88953901782	0.880448477288	0.91555773606	0.909515936947	0.908555412003
75	yoga	1.31183253282	1.2691961755	1.26695117722	1.25483662746	1.27591549649	1.27591549649	1.27591549649	1.27130477572	1.2691961755	1.25744414433	1.25744414433	1.25483662746	1.30768936348	1.25208542988	1.30768936348	1.30919744491	1.30919744491	1.30919744491	1.30919744491	1.30768936348	1.30768936348	1.30768936348	1.30768936348	1.30776322152	1.31057814787	1.30377324885	1.3021882999	1.30655962187	1.30919744491	1.30768936348	1.30768936348	1.31057814787	1.31057814787
