	dataset	chebyshev	cid-chebyshev	cid-minkowski_1	cid-minkowski_10	cid-minkowski_2	cid-minkowski_3	cid-minkowski_4	cid-minkowski_5	cid-minkowski_6	cid-minkowski_7	cid-minkowski_8	cid-minkowski_9	cort-chebyshev	cort-minkowski_1	cort-minkowski_10	cort-minkowski_2	cort-minkowski_3	cort-minkowski_4	cort-minkowski_5	cort-minkowski_6	cort-minkowski_7	cort-minkowski_8	cort-minkowski_9	minkowski_1	minkowski_10	minkowski_2	minkowski_3	minkowski_4	minkowski_5	minkowski_6	minkowski_7	minkowski_8	minkowski_9
0	50words	0.131719835536	0.223505527471	0.252141685767	0.211093615046	0.218823318984	0.223339035386	0.209352946028	0.208043930873	0.203264754851	0.210674218259	0.207401905827	0.211267354852	0.191397402548	0.235353784714	0.212771531451	0.227736266518	0.20950482398	0.216263584023	0.189230648033	0.229821176068	0.236966112519	0.229706104127	0.203507170546	0.221387577157	0.190855360727	0.252693633517	0.215301390453	0.248639053165	0.202378596199	0.193472752475	0.168754622664	0.18919874332	0.188206947604
1	Adiac	0.282599430965	0.281029561065	0.225887076421	0.254193620934	0.250145209585	0.246118519485	0.256927609447	0.273776616487	0.273527893072	0.273350354961	0.257147325444	0.26620506947	0.273107703469	0.221982965741	0.266137018785	0.220897425868	0.215493499714	0.28213937161	0.264403697304	0.261111806671	0.266755576672	0.263447643881	0.273186713705	0.228211858762	0.298998095222	0.231526578737	0.284667921735	0.253441634441	0.271214623621	0.280594776646	0.290667304926	0.299695830517	0.288816695246
2	ArrowHead	0.258244598367	0.196793461176	0.35032304379	0.261511277414	0.29803449659	0.321492193231	0.404024767802	0.33246482543	0.33246482543	0.30562620816	0.30562620816	0.261511277414	0.281396560709	0.345084255143	0.312441534144	0.266805627931	0.372940691928	0.409821516616	0.272148893742	0.272148893742	0.30890106482	0.312441534144	0.312441534144	0.424144544262	0.262261856506	0.424144544262	0.377923292797	0.376844032964	0.501883633319	0.434782608696	0.434782608696	0.434782608696	0.441896821261
3	BeetleFly	0.115299334812	0.115299334812	0.113333333333	0.0442233278054	0.113333333333	0.113333333333	-0.0110864745011	-0.0110864745011	-0.00440528634361	-0.00440528634361	0.0442233278054	0.0442233278054	-0.0532150776053	-0.0444197667962	-0.0444197667962	-0.0444197667962	-0.0555555555556	-0.0555555555556	0.0399777901166	-0.0555555555556	-0.0444197667962	-0.0444197667962	-0.0444197667962	-0.0133333333333	-0.0444197667962	-0.0133333333333	-0.0555555555556	0.113333333333	0.113333333333	0.113333333333	0.113333333333	-0.0532150776053	-0.0532150776053
4	CBF	0.0284180012356	0.421856761473	0.249343768229	0.1937936606	0.0697990383139	0.268940996239	0.0544614477177	0.236030632848	0.276481490282	0.236030632848	0.136000866708	0.1937936606	-0.0466896752868	0.255809532861	0.041746415803	0.208560758403	0.207805223853	0.122210273203	0.0801818005055	0.041746415803	0.0275982068416	0.0270359460748	0.041746415803	0.198837167311	0.10395847311	0.194454068649	0.196480653315	0.0731645661045	0.0697619160766	0.133370815356	0.133044915419	0.111697821385	0.10395847311
5	Car	0.151414060198	0.220354700359	0.161250824899	0.252357861956	0.24979092935	0.252918019541	0.257553963866	0.157952948336	0.157952948336	0.135919473973	0.252357861956	0.252357861956	0.150962284456	0.0492590133067	0.0482181058963	0.0632489511544	0.188504923478	0.139889271966	0.0444739857441	0.0581534565413	0.0575159279673	0.0529154932176	0.0482181058963	0.146055128494	0.129870884894	0.157969310697	0.0838947947123	0.25440514951	0.118160896786	0.156428252505	0.0366036195401	0.130788707495	0.13440525171
6	ChlorineConcentration	-0.000562247744233	0.00365523889786	-0.00456514201872	0.00313640831392	-0.00340387796471	-0.00401344444853	-0.00311317712849	-0.00607109554762	-0.0032028630059	-0.00263238754613	-0.00343533834995	0.00313640831392	-0.000548955983542	-0.00867275892658	-0.00132584526731	-0.00372255228983	-0.00828517104768	-0.00344878867082	-0.00487006310471	-0.00282707318837	-0.00173869454108	-0.00196842694052	-0.00230373152528	-0.00246727971107	-0.00410568252336	-0.00869962252835	-0.00319995284089	-0.00199889696311	-0.00230547090193	0.0028582980919	0.0019946100296	-0.00374799989233	-0.00415283995924
7	CinC_ECG_torso	0.0673432656734	0.0775042755405	0.273799363799	0.0453144563228	0.230922253263	0.219620169109	0.113169446883	0.031149078029	0.0334419915231	0.0453144563228	0.0453144563228	0.0453144563228	0.0834622505136	0.18783696736	0.0456901468996	0.279336904667	0.176951885071	0.0438994699602	0.0404044659785	0.0521381864475	0.0521381864475	0.0456901468996	0.0456901468996	0.220978770263	0.0526026804655	0.23643546971	0.159092303512	0.119211167738	0.0843783841874	0.0679774864235	0.0655807259386	0.0327939169429	0.0556039308372
8	Coffee	0.60333006856	0.724705882353	0.492957746479	0.724705882353	0.724705882353	1.0	1.0	1.0	1.0	1.0	0.856974690995	0.724705882353	0.60333006856	0.724705882353	0.60333006856	1.0	1.0	1.0	1.0	-0.0172684458399	0.856974690995	0.856974690995	0.856974690995	0.602707474985	0.724705882353	0.724705882353	1.0	1.0	1.0	0.856974690995	0.856974690995	0.724705882353	0.724705882353
9	Computers	0.00348007656168	0.0478029873775	0.0279418669319	0.0478029873775	-0.00343736258291	0.0374892152406	0.0374892152406	0.0374892152406	0.0407254127163	0.0407254127163	0.0478029873775	0.0478029873775	-0.000185676885085	0.00538132559265	-0.00355362946912	-0.00241649367903	8.25804533616e-05	0.00375942177987	-0.00205239647471	-0.00308014252237	-0.00264990252476	-0.00209065561557	-0.00359401554621	-0.002041910207	0.000528801105844	-0.0016049786334	0.0172136938789	0.00291460591562	0.00411407981129	-0.00128460402081	-0.00252576254582	-0.00252576254582	-0.0010865464112
10	Cricket_X	0.0540480338861	0.104264259372	0.123953993714	0.104039829627	0.139968547648	0.12351292328	0.137372715157	0.138431449934	0.10901850058	0.109166127281	0.118395866575	0.10120356239	0.0337067964967	0.0493980221692	0.0365386159548	0.096305136763	0.0366008654727	0.0523375224884	0.0521977005586	0.0708367455732	0.035815346834	0.0378110899185	0.0375209756674	0.0601309782062	0.0814869130648	0.0700029705927	0.044471112039	0.0738166143089	0.0732249787814	0.0627995961918	0.0564504859499	0.0641754817951	0.0738462316288
11	Cricket_Y	0.036217435595	0.101009588504	0.108939613563	0.0984322088214	0.100612076472	0.103584459877	0.105910351191	0.107224717372	0.106971329806	0.0834143892539	0.104009518958	0.101513480525	0.0341803530154	0.0757174365609	0.0444224856752	0.0543092245907	0.0555080887348	0.0414431844843	0.043552839633	0.0382343496313	0.0438758474696	0.0441662165069	0.044000161444	0.0964354303005	0.0588229522529	0.0760904718166	0.0652300530216	0.0583202078374	0.0487061573854	0.0503843581324	0.0541772558801	0.0507707479105	0.0595608537274
12	Cricket_Z	0.0394966631925	0.117547855502	0.138470371994	0.106024208903	0.178265841023	0.144450231292	0.128664095878	0.119588791459	0.142389095907	0.128789689882	0.12622708535	0.102874075596	0.051336329806	0.0560210373516	0.0555031399955	0.0561320625652	0.0483800615263	0.0441073774108	0.0663882622247	0.0540388466467	0.0497734561473	0.0552140029032	0.0571234537762	0.0579057283118	0.0415782718049	0.0623081043517	0.0601162054881	0.0602732964594	0.0524689913959	0.0667834785945	0.065691410757	0.0587114388238	0.0488601660258
13	DiatomSizeReduction	0.347589706415	0.347589706415	0.708083832335	0.818388195233	0.708083832335	0.708083832335	0.708083832335	0.708083832335	0.708083832335	0.708083832335	0.818388195233	0.818388195233	0.818388195233	0.797904191617	0.797904191617	0.797904191617	0.797904191617	0.797904191617	0.797904191617	0.797904191617	0.797904191617	0.797904191617	0.797904191617	0.818388195233	0.818388195233	0.628626692456	0.818388195233	0.797904191617	0.797904191617	0.818388195233	0.818388195233	0.818388195233	0.818388195233
14	DistalPhalanxOutlineAgeGroup	0.168351868663	0.178501108474	0.230313726505	0.238157400873	0.189781775676	0.188755098357	0.188755098357	0.193589476381	0.196654109267	0.238157400873	0.238157400873	0.238157400873	0.1982415075	0.19221200907	0.202621937317	0.224534143039	0.227178448013	0.219138412842	0.183631955935	0.19162856924	0.19162856924	0.19162856924	0.202621937317	0.23947462357	0.188124047218	0.192454403626	0.191892184216	0.194722518245	0.183568069691	0.18703272581	0.18624794012	0.18624794012	0.188124047218
15	DistalPhalanxOutlineCorrect	0.0597750918996	0.0520897492301	0.0558915454965	0.0592696876375	0.0558915454965	0.059447844459	0.059447844459	0.059447844459	0.055717565006	0.055717565006	0.0592696876375	0.0592696876375	0.0481647888519	0.0514924888111	0.0588842528796	0.0514924888111	0.0551371666472	0.0627337428591	0.0666856335113	0.0666856335113	0.0627337428591	0.0588842528796	0.0588842528796	0.0634435580203	0.0562103432762	0.0632805875152	0.0632805875152	0.0596163090867	0.0635968902318	0.0635968902318	0.0635968902318	0.0562103432762	0.0599242026749
16	DistalPhalanxTW	0.439396088682	0.44618054781	0.278017275067	0.456884591582	0.293588988169	0.247061393988	0.249547360048	0.264424350693	0.26502028743	0.500615230489	0.458638481346	0.456884591582	0.449274223042	0.461599485704	0.464431813233	0.305894746334	0.441743378273	0.460454979234	0.457198623836	0.455091629247	0.451301703121	0.464431813233	0.464431813233	0.275811555415	0.447746360278	0.248273406566	0.268647908364	0.455512586822	0.461062159201	0.441843121139	0.440894962741	0.447746360278	0.447746360278
17	ECG200	0.059265433829	0.107694497725	0.315619726233	0.259129063085	0.315619726233	0.346364773023	0.298976219067	0.323350256066	0.346364773023	0.301146688111	0.301146688111	0.301146688111	0.237446803057	-0.00659824954505	0.257162913236	-0.00275631988969	0.298976219067	0.277669260695	0.0690909090909	0.0398938082708	0.0239646887647	0.237446803057	0.279743087047	0.0233056690248	0.104751541958	-0.0154481043246	0.312384983022	0.275261495147	0.169037978659	0.15263065995	0.148900841667	0.133904816033	0.119649154295
18	ECG5000	0.380635937164	0.348052210261	0.428490963859	0.33745839399	0.370250429544	0.374410076016	0.38917330769	0.407835449177	0.434019934465	0.436071985908	0.349913372159	0.343750545707	0.44851140228	0.376751110917	0.434936060918	0.530656037721	0.528922882741	0.528560028751	0.469924683906	0.444581528914	0.433016515255	0.431836468382	0.429963073892	0.412781776603	0.400708337479	0.546909512613	0.358095714796	0.383630813765	0.395168958344	0.399164171114	0.400281917904	0.400920814366	0.396853402903
19	ECGFiveDays	0.00406148462884	0.193663292088	-0.0433641589603	0.193663292088	-0.0281337918099	-0.0281337918099	0.0509534229447	0.114444652791	0.114444652791	0.114444652791	0.0509534229447	0.193663292088	0.0515463917526	-0.0433641589603	0.0515463917526	-0.0439512347609	0.0515463917526	0.0515463917526	0.0515463917526	0.0515463917526	0.0515463917526	0.0515463917526	0.0515463917526	-0.0433641589603	-0.0281337918099	-0.0433641589603	-0.0433641589603	-0.0433641589603	-0.0281337918099	-0.0281337918099	-0.0281337918099	-0.0281337918099	-0.0281337918099
20	Earthquakes	0.0238771423342	-0.00715672950512	-0.00450460777867	0.00520814345446	-0.00396044508513	-0.00831897225957	-0.00586219235222	0.0049574886898	0.00277967520443	0.000692417757113	-0.00282793609285	-0.00131572113185	-0.00696656206716	0.00319175159698	0.000484198639064	-0.00555218040655	-0.00605686036971	-0.00533753033902	-0.00571567192794	-0.00715672950512	0.00178966890734	0.00674682897341	0.0112007253823	-0.00396044508513	0.00178966890734	-0.00420229733575	-0.0051358026921	-0.00959259467598	-0.00564027367804	-0.00295328950324	-0.00875614679307	-0.00786597514006	-0.00450460777867
21	FISH	0.121852537828	0.129765197196	0.235078777919	0.14082032868	0.242702894782	0.249016010377	0.192310657189	0.155147691641	0.154498554379	0.162044561852	0.16251849962	0.177167328566	0.095723342236	0.252614592473	0.302922904165	0.357271185126	0.340151517415	0.308610642313	0.295024302507	0.284069604049	0.309159263155	0.309558514355	0.305313435798	0.218573648769	0.150472456564	0.262525091541	0.28513422975	0.252762357584	0.187196355461	0.1419137941	0.163342032677	0.162387897355	0.158839519541
22	FaceFour	0.251231527094	0.10447761194	0.20202020202	-0.018691588785	0.158415841584	0.175879396985	0.0845771144279	0.07	-0.00473933649289	0.0480769230769	0.013698630137	0.013698630137	0.180487804878	0.457286432161	0.124463519313	0.497674418605	0.366515837104	0.274418604651	0.239819004525	0.239819004525	0.238532110092	0.238532110092	0.124463519313	0.526066350711	0.2	0.356783919598	0.383084577114	0.323671497585	0.184834123223	0.288888888889	0.173708920188	0.173708920188	0.238532110092
23	FacesUCR	0.212321474491	0.237619540318	0.153808967854	0.234121628036	0.225232997977	0.193502833866	0.258819458306	0.255516138446	0.197181073808	0.219800061233	0.20354134095	0.244187151067	0.264827471331	0.124833070073	0.246201412463	0.170046961577	0.260501680192	0.282961234819	0.280192814023	0.271231067535	0.256141536735	0.264594777732	0.246201412463	0.135744135307	0.199527221801	0.232502750196	0.274833360643	0.267797676007	0.272982902564	0.278735988175	0.26791383795	0.281323611419	0.198949951176
24	FordA	-0.000571865272618	0.000565359092552	-0.000612005430038	-0.000611090904568	0.000157169703179	-0.00067532029787	-0.000755942982203	-0.000737338441664	-0.000703232018589	-0.000723524864669	-0.00072140949558	-0.0007373947272	-0.000758266791399	0.00117097257785	-0.000574737713093	-0.000528242936973	-9.40596439759e-05	0.000916807038105	-0.000701121381878	0.00117413962394	-0.000482521612522	-0.000703232018589	-0.000723989215178	-0.000480118363071	-0.000675812766015	-0.000721198428201	0.000160965580667	-0.000241057292653	-0.000721329759004	-0.000675348438894	-0.000572202930071	-0.000480495848318	-0.000572465552693
25	FordB	0.000327173872575	0.00171809078857	0.00262421078044	0.00227906420867	-0.000936144617505	-0.000937702685612	-0.00123095341765	-0.000498452598195	0.00667506260516	0.00541129967047	0.005014729272	0.00541094026988	-0.00113866032284	0.00171709182887	-0.00123039680103	-0.00122861563201	-3.80196540481e-05	-4.02434681173e-05	-0.00121252261824	-0.00123070294009	-0.00113866032284	-0.00121191035134	-0.00123003500056	0.00393608966873	-0.000626522031907	0.00032533989472	-0.00118231483615	-0.00113782547572	-0.00123095341765	-0.00113949517136	-0.00123139871139	-0.000742369182624	-0.000498452598195
26	Ham	-0.00720151138213	-0.00243928798562	-0.00916697147037	-0.00484102530007	-0.00712825031589	-0.00687924238993	0.00122036358801	-0.0068206701833	-0.0068206701833	-0.00484102530007	-0.0068206701833	-0.00484102530007	-0.00923548654824	0.0213426610052	-0.00854608484566	0.00981787876458	0.00513302216551	-0.00239553811975	-0.00239553811975	-0.00242956546318	-0.00244414931757	-0.00516264192589	-0.00719662697945	-0.00241498203312	-0.00511389890109	0.0438165951631	-0.00720151138213	-0.00924038083837	-0.00854608484566	-0.00921101580961	-0.00851184987776	-0.00717220567666	-0.00511389890109
27	HandOutlines	0.247270576333	0.256246541489	0.266420935381	-0.00617557285118	0.289838455205	0.255581948697	0.0764516561406	0.0620682695533	0.0541023408609	-0.00582274543894	-0.0057459135444	-0.00582274543894	-0.00537492884277	0.283498499368	-0.00686552329053	0.277957548353	0.266855311712	-0.00209327025403	-0.00256208581906	-0.00835959113607	-0.00731946932531	-0.00670724020774	-0.00686552329053	0.301556485089	-0.00518930988457	0.289570757031	-0.00114765067767	0.00244810400536	0.00499423604605	-0.00279649360158	-0.00626274062684	-0.00560587686567	-0.00518930988457
28	Haptics	0.0355122497343	0.0346716410237	0.0575426847421	0.0183011655983	0.065919597998	0.0595433094872	0.0471548590025	0.064080765265	0.0455544744075	0.0483054300394	0.0461349158868	0.0367872758046	0.0636001678118	0.0823431033478	0.061803597518	0.0944937824569	0.0447227050502	0.0622349577003	0.0559943630101	0.0976581129378	0.0772514689908	0.0623428612937	0.061803597518	0.0504768554065	0.0286001395241	0.0884442821965	0.0665355454894	0.0728722737613	0.048344141917	0.0541384639477	0.0506353759806	0.0606761069531	0.0372465627487
29	Herring	0.000486936813308	-0.00642145521507	0.000227296208286	-0.0114120282246	-0.0116747597892	-0.016170046871	0.0195546813393	0.0195546813393	0.0195546813393	0.0195546813393	0.0195546813393	-0.0114120282246	-0.00642145521507	-0.014880952381	0.0195546813393	-0.0114120282246	0.000227296208286	0.000227296208286	0.00892857142857	0.00892857142857	0.0195546813393	0.0195546813393	0.0195546813393	-0.0169629793837	0.0327380952381	-0.014880952381	0.000227296208286	0.00892857142857	0.0195546813393	0.0195546813393	0.0195546813393	0.0195546813393	0.0327380952381
30	InlineSkate	0.00826850287023	0.074754645454	0.0311692701417	0.053222426735	0.0159298164608	0.0446774491963	0.0499653758057	0.0145744826044	0.0369977600678	0.0137404239536	0.0543599509225	0.053222426735	0.0225073593233	0.0423855238964	0.0288020772269	0.0432155282915	0.0389731672621	0.0347065617953	0.052717440738	0.0365695381339	-0.00295141869556	-0.00295141869556	0.0501564864819	0.0519986896138	0.0459394152302	0.0643136626335	0.0290723631772	0.0124368567972	0.00863071596721	0.0132260968685	0.0144904552736	0.0459394152302	0.0459394152302
31	ItalyPowerDemand	0.484420563776	0.149654352992	-0.00964109211699	0.0860023724792	0.0523210388771	0.230945821855	0.0682406209573	0.0682406209573	0.0860023724792	0.0860023724792	0.0860023724792	0.0860023724792	0.620283909969	0.826312378483	0.0558821161124	0.940286817728	0.940286817728	0.940286817728	0.0409549897948	0.0409549897948	0.0409549897948	0.0558821161124	0.0558821161124	0.620283909969	0.328679072029	0.826312378483	0.826312378483	0.882389478517	0.527723012937	0.402868177276	0.364851725814	0.364851725814	0.364851725814
32	LargeKitchenAppliances	0.0325519799191	0.03278109651	0.0512246502962	0.0297969164215	0.0209087535683	0.028209002975	0.0224922889307	0.030093798346	0.0233697938471	0.0262380408314	0.0274330122634	0.0280528734823	0.00585550497925	0.0100265388319	0.0211091104069	0.0240161714797	0.00355955066305	0.00141382975348	0.00639449817802	0.00884155057024	0.0256353844927	0.0261116477855	0.0234043607337	0.0127346983282	0.0333837860102	0.0251288110977	0.00315597329085	0.00247842103137	0.00265945015519	0.0036852528923	0.0161411409502	0.0202370487458	0.0221413319313
33	Lighting2	0.0532094594595	-0.039510044096	-0.033085108455	-0.039510044096	-0.039510044096	-0.039510044096	-0.0396203162283	-0.039510044096	-0.039510044096	-0.039510044096	-0.039510044096	-0.039510044096	-0.033085108455	-0.0192721130221	-0.0276409007834	0.0127993472843	0.0398768509016	0.055264703629	0.0248928790043	0.0248928790043	0.0248928790043	0.0248928790043	0.0248928790043	0.00275334608031	0.0127993472843	0.0564935727403	-0.00421020203835	0.0735708579645	0.0248928790043	0.0127993472843	0.0127993472843	0.0127993472843	0.0127993472843
34	Lighting7	0.116867135953	0.165529224277	0.293140897142	0.14321245663	0.210856184747	0.231554253193	0.161625438634	0.146973013414	0.153239365694	0.0734148075	0.15377893521	0.15647818563	0.0798572384564	0.252116443345	0.082850821188	0.143276155679	0.0134215249313	0.0640224992543	0.0677740654223	0.0695588041037	0.0689625314483	0.0734832533315	0.082850821188	0.231773603247	0.12870810847	0.169263522271	0.0461166584117	0.0819347016598	0.148623491324	0.143941726152	0.138609152692	0.128048759679	0.130031311723
35	MALLAT	0.489342373369	0.551535474762	0.63922478052	0.467491086431	0.608686938416	0.47269930787	0.758663604521	0.762404561832	0.561040496601	0.588965649696	0.598196166855	0.541507467871	0.631970260223	0.540085711299	0.592304977056	0.649927232558	0.526217228464	0.57806788213	0.557359689375	0.534062830921	0.592304977056	0.592304977056	0.592304977056	0.491762608863	0.492490790592	0.480731850298	0.300673891554	0.520030620056	0.458301501105	0.437860048316	0.443820224719	0.443820224719	0.492490790592
36	Meat	0.592300098717	0.592300098717	0.678254942059	0.609044265803	0.572353093451	0.502300613497	0.536715851238	0.488573680063	0.592300098717	0.555877243775	0.592300098717	0.609044265803	0.592300098717	0.901847473951	0.609044265803	0.517382413088	0.502300613497	0.536715851238	0.592300098717	0.592300098717	0.592300098717	0.592300098717	0.592300098717	0.901847473951	0.609044265803	0.517382413088	0.502300613497	0.536715851238	0.562186845944	0.562186845944	0.592300098717	0.592300098717	0.592300098717
37	MedicalImages	0.0246689440146	0.0592960135065	0.0957952840823	0.0380569959597	0.085824879746	0.0863100516397	0.0707082341536	0.0712188739718	0.086647513121	0.0875323361343	0.0689779644315	0.0343236108046	0.0973165441297	0.0404817057354	0.0829720105271	0.123929470336	0.145579299995	0.153586782865	0.143288580384	0.0549397692929	0.0564858423016	0.0481065119471	0.0653370105103	0.0513703063128	0.000784178323795	0.0463441526859	0.0317181600299	0.0598538753661	0.0277243467845	0.0251683983886	-0.000419170721129	-0.00131983857066	-0.000664180567886
38	MiddlePhalanxOutlineAgeGroup	0.0140523867238	-0.00569949535079	0.0127749777903	0.0191839806388	0.0161283374581	-0.0134128917365	0.0265951919413	0.0117978327501	0.0117978327501	0.0117978327501	0.0117978327501	0.0117978327501	0.00941096343314	0.0185316944227	0.0187935361075	0.0171200419474	0.013933232794	0.0265951919413	0.0155230059163	0.0115909360086	0.01624199587	0.0143361873291	0.0143361873291	0.0185316944227	0.0174236964446	-0.0197579007366	0.0304792018651	0.0132177039755	0.0154158246124	0.0183678442326	0.0183678442326	0.0183678442326	0.0196593442766
39	MiddlePhalanxOutlineCorrect	0.0371094590469	0.0562866582306	-0.00165597754568	-0.00309525515822	-0.00243640242361	0.00397064556412	0.00173108962417	-0.000109197175959	-0.00309525515822	-0.00309525515822	-0.00328484035103	-0.00328484035103	0.039907434692	0.0046155139942	0.0151382631779	0.00655807864235	0.00721028400006	-0.000734815187976	0.00308805947973	0.00869493923884	0.147769635432	0.0209104731814	0.018649307421	-0.00216509109638	0.0232647242465	0.225526349089	0.0046155139942	0.00333727212719	0.158708042988	0.000862633953562	2.821662727e-05	0.0231134462665	0.0209104731814
40	MiddlePhalanxTW	0.425090360534	0.418120720419	0.290132435468	0.26657246051	0.272287851372	0.411189189506	0.262853364029	0.263650696345	0.420959370861	0.421111002438	0.422457553168	0.432187269225	0.416369460762	0.273115898292	0.264666709789	0.399270886403	0.411477461353	0.402179136598	0.403062483142	0.415470989938	0.413908460428	0.426203673223	0.433199915427	0.304301494668	0.266256645571	0.288744331379	0.417845883691	0.417429867691	0.424539118727	0.42476225945	0.422717111253	0.430075457266	0.266256645571
41	MoteStrain	-0.0532150776053	-0.0444197667962	-0.0555555555556	-0.0444197667962	-0.0444197667962	-0.0444197667962	-0.0444197667962	-0.0444197667962	-0.0444197667962	-0.0444197667962	-0.0444197667962	-0.0444197667962	-0.0398009950249	0.208772903942	-0.00440528634361	0.208772903942	-0.0133333333333	0.115299334812	-0.0110864745011	-0.0110864745011	-0.0110864745011	-0.0110864745011	-0.00440528634361	0.461965574681	-0.0532150776053	0.208772903942	0.0399777901166	-0.0133333333333	-0.0133333333333	-0.0133333333333	-0.0444197667962	-0.0444197667962	-0.0532150776053
42	NonInvasiveFatalECG_Thorax1	0.25212604127	0.253326927702	0.322895847852	0.259172917255	0.344098641184	0.328457125571	0.293318630071	0.287362060445	0.289188563132	0.257220998358	0.285244901199	0.288034152616	0.246174831213	0.303469084954	0.231557074098	0.317840974166	0.317641861817	0.274620393174	0.225867827083	0.22790739619	0.231454686462	0.245318375858	0.217651013544	0.271568170026	0.214399399304	0.301214527335	0.309337509825	0.317492974279	0.247478658929	0.247719228236	0.288304523908	0.293109717066	0.246249719428
43	NonInvasiveFatalECG_Thorax2	0.34154575622	0.428852000856	0.373178792057	0.394122669273	0.440333223469	0.418817475892	0.396625712465	0.438218157746	0.431994881544	0.406841159186	0.397617308944	0.385159563825	0.398965024935	0.418212210288	0.402379077532	0.434652828487	0.384574610064	0.363873412624	0.379981621917	0.385130756371	0.356229041797	0.364481377113	0.391675122629	0.409975258093	0.380911434608	0.398068493277	0.322857097388	0.344963770889	0.317376275912	0.3445205966	0.402064267348	0.376430090376	0.386355512547
44	OSULeaf	0.0601053906555	0.288147032729	0.221661013433	0.312709393794	0.300709417865	0.289348497092	0.249949265815	0.30445529927	0.296572699798	0.297919830039	0.301743999313	0.303157334475	0.0668798064877	0.0858455687243	0.0893269517398	0.092103384186	0.0799076265801	0.0822652801894	0.0790675309563	0.0786999782945	0.077922319611	0.0847230633008	0.0873308710982	0.0625016655431	0.0665259659719	0.102679410911	0.0457937592297	0.0819966317864	0.0610687654517	0.0590501607185	0.0582519123854	0.0652586783022	0.0669904613615
45	PhalangesOutlinesCorrect	-0.00150548180998	-0.00234322722041	-0.000996828654234	-0.00260203626973	-0.00104311384404	-0.00307018485264	-0.00280502171894	-0.00278774990758	-0.00269601565279	-0.00267378492976	-0.00247817015799	-0.00247817015799	-0.000662382302499	-0.000852555028347	-0.000663067474233	-0.00192178755924	-0.00100490233486	-0.00107300427242	-0.00110064855003	-0.00120450670025	-0.0012411469263	-0.00122428397006	-0.00103889088415	-0.000904679593141	-0.00161203000163	-0.00102178185734	-0.0012917935301	-0.00134026437674	-0.00132026417489	-0.00157396889425	-0.00168734741097	-0.00159878053815	-0.00159878053815
46	Phoneme	0.00884233001687	0.0539865799657	0.0741553170101	0.0687378010572	0.0720328435554	0.0689999494235	0.0812891386433	0.0849874024722	0.0780616200984	0.0607970466735	0.0560743847941	0.0780133724519	0.00709282025818	0.00817536036661	-0.000999708700723	0.0161182959136	0.0152014180625	0.00975450986063	-0.000801122815063	-0.00272010553705	-0.00203056005484	-0.0035116276686	-0.000656376235054	0.0204951912549	0.00219241286804	0.0166473389492	0.0148734953974	0.00818121635336	0.0036870688651	-0.0031458413337	0.00264616206069	0.00261166082171	0.00158386530247
47	Plane	0.71197617315	0.57664771783	0.655665716268	0.443353631368	0.501858565463	0.478187299887	0.598509513904	0.523607442947	0.585942828024	0.566100697191	0.45241566373	0.443353631368	0.608937925063	0.812570339557	0.530158654131	0.571267147984	0.595265139745	0.543539020994	0.691392535277	0.527160188026	0.527160188026	0.530158654131	0.530158654131	0.549368374331	0.551813076956	0.459503904829	0.748520450501	0.736797790913	0.624483817174	0.60809723792	0.609437076423	0.551836091102	0.551836091102
48	ProximalPhalanxOutlineAgeGroup	0.500645291716	0.487215276551	0.520449220366	0.554786105114	0.562442451653	0.55722793677	0.313475472016	0.31267838149	0.550759395912	0.552743119807	0.552743119807	0.552743119807	0.528357929996	0.517435902399	0.512851107536	0.516817363121	0.313934145714	0.516715565783	0.541733923997	0.540108237884	0.487335640524	0.512851107536	0.512851107536	0.501154004956	0.546970229576	0.310343126671	0.315450091133	0.309675514595	0.304489887337	0.540108237884	0.54516502393	0.54516502393	0.54516502393
49	ProximalPhalanxOutlineCorrect	0.0542546487289	0.0701532634419	0.0617986546337	0.0736352765928	0.0718842384149	0.0527280018752	0.0589535071462	0.0589535071462	0.060559485679	0.060559485679	0.0718842384149	0.0736352765928	0.0542546487289	0.0539427954928	0.0542546487289	0.0542546487289	0.0558011047687	0.0542546487289	0.0542546487289	0.028263372973	0.0323777376975	0.0542546487289	0.0542546487289	0.0554741731895	0.057367385597	0.0542546487289	0.0542546487289	0.0558011047687	0.057367385597	0.057367385597	0.057367385597	0.0558011047687	0.057367385597
50	ProximalPhalanxTW	0.532110137202	0.569834887904	0.544965416568	0.535521862951	0.508669265471	0.546506957489	0.531985440529	0.53613614174	0.553864054223	0.545825705813	0.545825705813	0.535521862951	0.50746390382	0.553098444687	0.373510745249	0.556490176408	0.402296879807	0.37630242212	0.366822858473	0.371782365919	0.369848764759	0.525095248042	0.525095248042	0.518116269375	0.520674210552	0.510487374139	0.487855689342	0.494695995606	0.496039149072	0.50146181652	0.491509381843	0.505985018478	0.505504202422
51	RefrigerationDevices	0.0255619934166	0.0105171450361	-0.00198938777443	0.0129195727605	0.0115088997072	0.00784440467307	0.00709558850774	0.0122941732039	0.00522987724735	0.0102414675431	0.0115794357918	0.0120266624784	0.0155324254727	0.00425720678212	-0.00120303625728	0.00668086264502	0.00402176327911	0.00606113279956	0.00236605118104	-0.00448848098689	-0.00274134477427	-0.00235245094781	-0.00120686551753	0.00539553080302	0.0169157096729	-0.00187462565425	0.00441378476375	0.00903693214268	0.00869781056179	0.00171966004436	-0.00302826695695	-0.00156107456472	0.00716277698426
52	ScreenType	-0.00242106486361	0.00883865240974	0.0872245107197	0.0475303144045	0.0194496416294	0.0547862561909	0.047902535665	0.0442174725854	0.0352628777241	0.0489204659057	0.0489204659057	0.0517567300901	-0.00386120729232	0.023956626021	-0.00159072210313	0.0136181852131	-0.00301473611602	-0.00116411942742	-0.00248233361961	-0.00274329280983	-0.00231711133454	-0.00320125511584	-0.0019946509412	0.0236827917269	0.000433238194761	0.0143525028895	0.00173894262787	0.0034820078198	0.000870377020218	0.000677096006031	0.00183365108063	0.00320918375784	0.000855151155668
53	ShapesAll	0.174967082305	0.162476911823	0.284613809079	0.174042784902	0.277861557626	0.257611850523	0.220436719237	0.187671305656	0.199934461396	0.201597589858	0.193882001454	0.182884885075	0.18242589184	0.232508911339	0.242032196611	0.235447801839	0.237013286774	0.238365727824	0.200989999578	0.207093749473	0.212632344303	0.189645775697	0.243690932243	0.266490565574	0.230881157291	0.19982805367	0.183049840873	0.214798143868	0.204447667927	0.195633097703	0.215646181559	0.220592317021	0.225909379944
54	SmallKitchenAppliances	-0.000331062881004	0.0393645663962	0.056303982736	0.0350972883922	0.0514783195655	0.0349653346131	0.0269256534631	0.0328466042628	0.0360652490613	0.0345027524415	0.0309679822813	0.0328059397536	0.0106982445011	0.00169741612344	0.0162913371082	0.0246467075913	-0.00181800971663	-0.00360499125743	-0.0025880297963	0.000747021731219	-0.000105581438851	0.00271861989251	0.0171563390672	0.00270553874394	0.00858309818618	0.0373463004931	-0.00221344381085	0.00375822401012	0.00234394561662	0.000869585956633	0.00172472492196	0.000246326962161	0.00304464112537
55	SonyAIBORobotSurface	0.116865869854	0.621513944223	-0.00929614873838	-0.037049288786	-0.0513501549358	-0.0462555066079	-0.037049288786	-0.0462555066079	-0.0462555066079	-0.0462555066079	-0.0462555066079	-0.037049288786	0.116865869854	0.037412314887	0.103773584906	0.214356599405	0.214356599405	0.116865869854	0.116865869854	0.116865869854	0.103773584906	0.103773584906	0.103773584906	0.121145374449	-0.037049288786	0.121145374449	0.116865869854	0.116865869854	-0.037049288786	-0.00440528634361	-0.00440528634361	-0.00440528634361	-0.00440528634361
56	SonyAIBORobotSurfaceII	0.0314255105022	-0.0257492612917	0.475779220779	-0.0257492612917	0.373275330325	-0.0369444534623	-0.0370454545455	-0.0368098159509	-0.0368098159509	-0.0366415682202	-0.0371127995324	-0.0371127995324	0.373275330325	0.373275330325	0.0769155844156	-0.0368098159509	-0.0369444534623	-0.0368098159509	-0.0368098159509	0.0314255105022	0.0314255105022	0.0314255105022	0.0769155844156	0.373275330325	0.0769155844156	0.373275330325	0.373275330325	0.282208588957	0.0314255105022	0.031268264173	0.031268264173	0.031268264173	0.031268264173
57	StarLightCurves	0.481928751129	0.484684250981	0.527952618996	0.518868082234	0.522814495829	0.51323229872	0.506597742598	0.508465294733	0.518159099055	0.518159099055	0.5176347611	0.514808864648	0.499206600306	0.521710166991	0.499876092763	0.135878051559	0.128928899539	0.511278720084	0.512307967392	0.512307967392	0.512307967392	0.501614532506	0.499876092763	0.123332805023	0.505502839797	0.52162703332	0.0576632553081	0.0871156646173	0.48656351857	0.485618562723	0.483755646527	0.483755646527	0.476076094658
58	Strawberry	0.060208210343	0.0481019703043	0.00842141991799	0.0881392031669	0.00546580699336	0.0593461837299	0.0542052779411	0.0558503781459	0.0586086971681	0.0788383689389	0.0818836323051	0.0818836323051	0.091128960998	0.0178237146066	0.0782240080419	0.0116134818766	0.027988167081	0.0811294978637	0.0706317261021	0.0706317261021	0.0706317261021	0.0764475342025	0.0764475342025	0.00722575460405	0.0764475342025	0.00783328852706	0.0484572892895	0.0721159046552	0.0740782864018	0.0735113163104	0.0735113163104	0.0764475342025	0.0764475342025
59	SwedishLeaf	0.242822144892	0.223880184531	0.349286686377	0.331806091803	0.335988010802	0.321615267498	0.299590050102	0.309417397088	0.295425743215	0.287801039943	0.319854396271	0.300962543224	0.200403098501	0.242373964105	0.257593693977	0.253887941667	0.25843636044	0.249606951001	0.25751776369	0.23845492732	0.247677888171	0.250203022896	0.269455676408	0.243744595863	0.234119348308	0.252281850318	0.268905756245	0.25377993952	0.250086694305	0.24322246552	0.224988218366	0.223229816351	0.222076874757
60	ToeSegmentation1	0.0378922439313	-0.0160526315789	-0.0160526315789	0.0660526315789	-0.00315768699428	-0.0236826524571	-0.026045777427	-0.0157853196527	-0.00315768699428	-0.00315768699428	-0.00315768699428	0.0660526315789	-0.026045777427	-0.0149842271293	0.0394088669951	-0.00315768699428	-0.0160526315789	0.0149960536701	0.0149960536701	0.0670347003155	0.0670347003155	0.0394088669951	0.0394088669951	-0.00263002169768	-0.0236826524571	-0.0263157894737	-0.0157853196527	-0.00263002169768	-0.00263002169768	-0.00263002169768	-0.0149842271293	-0.0236826524571	-0.0236826524571
61	ToeSegmentation2	-0.016333938294	0.126350186076	-0.0261414178088	0.126350186076	-0.0152284263959	0.0507936507937	0.0521691875736	0.0862944162437	0.174228675136	0.174228675136	0.174228675136	0.126350186076	0.021778584392	-0.0261414178088	-0.0253968253968	-0.00072615049469	-0.0253968253968	-0.0253968253968	-0.0261414178088	-0.0167029774873	-0.0167029774873	-0.0167029774873	-0.0253968253968	-0.0253968253968	-0.0261414178088	-0.0253968253968	0.0	-0.016333938294	-0.00072615049469	-0.00072615049469	-0.016333938294	-0.016333938294	-0.016333938294
62	Trace	0.111849634943	0.621880032847	0.450720732418	0.384997040357	0.473700581667	0.580060886277	0.37698055022	0.376608993148	0.384997040357	0.384997040357	0.384997040357	0.384997040357	0.0351461824257	0.331396723749	0.213462679229	0.336118098835	0.354706265644	0.251370661652	0.233199948816	0.181187248872	0.181187248872	0.0353725544938	0.211635538677	0.331396723749	0.119192536391	0.380916541414	0.336497116248	0.306649347798	0.202480386205	0.19260560796	0.19260560796	0.117148899584	0.119192536391
63	TwoLeadECG	0.112947658402	0.112947658402	0.0534979423868	0.112947658402	0.050240880936	0.112947658402	0.112947658402	0.112947658402	0.112947658402	0.112947658402	0.112947658402	0.112947658402	0.0534979423868	0.00206611570248	0.0534979423868	0.00206611570248	0.00206611570248	0.0534979423868	0.0534979423868	0.0534979423868	0.0534979423868	0.0534979423868	0.0534979423868	0.0534979423868	0.112947658402	0.112947658402	0.112947658402	0.112947658402	0.112947658402	0.112947658402	0.112947658402	0.112947658402	0.112947658402
64	Two_Patterns	0.0330837788187	0.0179570544547	0.0192344302742	0.00690214217981	0.0137642770843	0.00604913795514	0.0101751269974	0.00947934386085	0.00889119436898	0.00844885854564	0.00810102281982	0.00679423963223	0.0174583735031	0.00226919276039	0.00663426502872	0.00589781665162	0.0105991796522	0.00178951335569	0.00632398361559	0.00723790599467	0.00621621407194	0.0072637697148	0.00653794606712	0.0147957681933	0.00471795334184	0.00919412050374	0.0117319257359	0.0292726559782	0.0160183356652	0.0176497646238	0.0068351812567	0.00907461858119	0.00626326254352
65	UWaveGestureLibraryAll	0.0572204866131	0.0854100072992	0.373623531337	0.264911997638	0.521413055947	0.344032021491	0.228366818712	0.302363145314	0.225334783708	0.292501189571	0.273699282906	0.272488358182	0.203477595655	0.41270086401	0.321140614646	0.452042730051	0.410449231534	0.374585717924	0.331348452724	0.323523992669	0.354510250641	0.323771229713	0.322048100006	0.464469088757	0.163661566265	0.393528100297	0.403970699582	0.344765198002	0.325484273882	0.303146173432	0.354274351874	0.34545869126	0.167358581536
66	Wine	-0.00197758734344	-0.00197758734344	-0.0160886664283	-0.00197758734344	-0.0132046724225	-0.00141176470588	-0.0132046724225	-0.0132046724225	-0.00197758734344	-0.00197758734344	-0.00197758734344	-0.00197758734344	-0.00197758734344	-0.0160886664283	-0.00197758734344	-0.0132046724225	-0.00141176470588	-0.0132046724225	-0.0132046724225	-0.00197758734344	-0.00197758734344	-0.00197758734344	-0.00197758734344	-0.0160886664283	-0.00197758734344	-0.0132046724225	-0.00141176470588	-0.0132046724225	-0.0132046724225	-0.00197758734344	-0.00197758734344	-0.00197758734344	-0.00197758734344
67	WordsSynonyms	0.0668727684393	0.123272799124	0.133854568578	0.163841222906	0.147654696904	0.149570371893	0.146501608395	0.146955263975	0.164003874567	0.16211826598	0.149667079432	0.162271317271	0.176693395783	0.1084475595	0.145213216216	0.125133962395	0.141003538514	0.140215470985	0.147203900282	0.144447751381	0.141839770438	0.153199283584	0.152923006224	0.0945769301636	0.111564413327	0.086632389365	0.160233520729	0.147716445016	0.125687968983	0.130048207969	0.146082382484	0.150243492037	0.150542125105
68	Worms	-0.00677032349125	-0.0229107708082	0.122901108951	0.0150340227566	0.124754170426	0.0988105641164	0.16212282493	0.197849858697	0.0620045370416	0.0297206695393	0.0271418547546	0.0206304203546	0.000393730647347	-0.0158009915802	0.00525661565842	-0.00253215934616	-0.0217313088679	-0.0362691270209	-0.0128642278488	0.0147887100933	0.000530246912354	0.000530246912354	0.000530246912354	-0.00136106987152	-0.015536223171	-0.0206886715067	-0.0281698947521	-0.0139006994619	-0.0362661560677	1.80380874216e-05	1.80380874216e-05	-0.0063900953522	-0.0116329524148
69	WormsTwoClass	-0.0116771514329	0.0158071080598	-0.0115835671631	-0.011531583383	0.0764649000082	0.0253756500647	0.00761570005858	-0.0115211872681	-0.011531583383	-0.00469691052231	-0.00878734622144	-0.011531583383	-0.0115211872681	-0.011531583383	-0.0129193389245	-0.00471756290084	-0.0128985179551	-0.00881845091268	-0.0115211872681	-0.00881845091268	-0.00881845091268	-0.011531583383	-0.011531583383	0.000719476221311	-0.00881845091268	0.00755450032376	-0.00474854306065	-0.0128881077914	-0.0115523762539	-0.0115523762539	0.000770827766244	0.000770827766244	0.0252854896237
70	synthetic_control	0.265427236567	0.305772237414	0.320243408409	0.450557095701	0.544148404912	0.392562215196	0.419660492816	0.414754820024	0.394049769512	0.436600772422	0.434034947927	0.4340057219	0.295449178655	0.145896880721	0.256653377977	0.242026948515	0.243925177177	0.249649224936	0.194717817789	0.198599859986	0.204887136037	0.276663895205	0.275210273255	0.258926038754	0.31299473622	0.228133020996	0.267355701319	0.292389693748	0.268273784371	0.30448993635	0.318221684919	0.318556412571	0.314797919383
71	uWaveGestureLibrary_X	0.188323133562	0.338826402312	0.34018985165	0.292781566238	0.258621028406	0.213731499731	0.348232322011	0.299507495355	0.299018488992	0.306564796889	0.289984723956	0.290056888153	0.160024151745	0.173594511313	0.231808445974	0.255343074079	0.200662460347	0.23029144761	0.220388639007	0.267846574847	0.26257718104	0.227152461355	0.22322360222	0.244848903822	0.272910470549	0.244589466606	0.321712135303	0.325107276104	0.215729418248	0.230500219306	0.204080393931	0.214033740317	0.223135029814
72	uWaveGestureLibrary_Y	0.187141723116	0.277422915345	0.258260216625	0.285264388772	0.338055923006	0.330018835796	0.349771096357	0.30227076765	0.335846600235	0.328161185629	0.29143882868	0.28846997002	0.236747482623	0.227295710368	0.244215591811	0.316135245768	0.308559352705	0.279381256682	0.247224708186	0.201970655848	0.224082346038	0.254833317924	0.246730002008	0.285682116802	0.239839362475	0.290256444741	0.30243772428	0.32562281036	0.300373284854	0.246342667724	0.243415740023	0.232159425614	0.231423202929
73	uWaveGestureLibrary_Z	0.266365155428	0.250902657387	0.33404822222	0.308619438567	0.318378104505	0.338198933558	0.33435985178	0.338325763989	0.306119618865	0.292376219118	0.301617183061	0.284303673745	0.255370860623	0.275332865884	0.280484004805	0.29324564136	0.235525011185	0.297395996893	0.299088451893	0.297747854945	0.287805608803	0.280884837296	0.280736135953	0.290743357804	0.314168353757	0.320967347772	0.306824479878	0.287768670163	0.301619237964	0.318134521428	0.347529556523	0.346310976925	0.324202852625
74	wafer	0.120471395703	-0.0109568463763	9.15386936255e-06	-0.0116583817955	-0.00246716626289	0.0455259101567	-0.000305254420258	0.00530055890205	0.00569396459267	0.0838229787139	-0.0116583817955	-0.0116583817955	0.0156664882561	-0.00221389448748	-0.00842957454288	0.00807045559828	0.00916385889842	0.0151622851151	0.000394448733636	0.0159636888658	0.000541218346064	-8.17756626296e-05	-0.000658252087204	-0.00494589474859	0.0913693752415	9.15386936255e-06	0.0186850159873	0.0504317533743	0.0846816111718	0.105507152547	0.0778177921167	0.0872304565879	0.0889249353024
75	yoga	-0.000223972338143	-0.00308258870269	-0.00350998826744	-0.0041522810945	-0.00303229864827	-0.00303229864827	-0.00303229864827	-0.00256632637194	-0.00308258870269	-0.00390186011384	-0.00390186011384	-0.0041522810945	-0.00229181730941	-0.00431381522823	-0.00229181730941	-0.0016913669846	-0.0016913669846	-0.0016913669846	-0.0016913669846	-0.00229181730941	-0.00229181730941	-0.00229181730941	-0.00229181730941	0.000604088193395	-0.00100208380772	-0.00173258320122	-0.00233380895497	-0.000263629968718	-0.0016913669846	-0.00229181730941	-0.00229181730941	-0.00100208380772	-0.00100208380772
