	dataset	chebyshev	cid-chebyshev	cid-minkowski_1	cid-minkowski_10	cid-minkowski_2	cid-minkowski_3	cid-minkowski_4	cid-minkowski_5	cid-minkowski_6	cid-minkowski_7	cid-minkowski_8	cid-minkowski_9	cort-chebyshev	cort-minkowski_1	cort-minkowski_10	cort-minkowski_2	cort-minkowski_3	cort-minkowski_4	cort-minkowski_5	cort-minkowski_6	cort-minkowski_7	cort-minkowski_8	cort-minkowski_9	minkowski_1	minkowski_10	minkowski_2	minkowski_3	minkowski_4	minkowski_5	minkowski_6	minkowski_7	minkowski_8	minkowski_9
0	50words	2.73307470937	2.38158301215	1.79293792211	2.26855782955	2.02801156005	2.14455310558	2.16759068314	2.17409645074	2.24748716938	2.26995954259	2.29880580044	2.29880580044	2.65923656741	2.36911226941	2.64851474533	2.41941322084	2.38810983794	2.44318722177	2.52622216876	2.56538973798	2.53485996669	2.56972251693	2.63030611851	2.22359246048	2.63458737618	2.41566993943	2.49052332778	2.45230384965	2.556742557	2.5129269135	2.59190679939	2.57448725983	2.67059419858
1	Adiac	2.90609366122	2.90341033741	2.99246498298	2.87469767458	2.99279529808	2.90168484685	2.90084027441	2.88237195017	2.89968426122	2.86835271652	2.90141104607	2.90141104607	2.94572031315	3.01230447989	2.92617853318	3.02436842275	2.93643237263	2.9521047119	2.89453912909	2.89434079894	2.87736928091	2.91018216954	2.92617853318	3.00734933145	2.88111309027	2.95371174862	2.92926177532	2.9177214214	2.93672449626	2.93266098576	2.86893013463	2.88568176834	2.88602459436
2	ArrowHead	1.06463588766	0.983583301567	1.00249523062	0.983583301567	1.14231134348	0.983583301567	0.983583301567	0.983583301567	0.983583301567	0.983583301567	0.983583301567	0.983583301567	0.983583301567	0.983583301567	0.983583301567	0.983583301567	0.983583301567	0.983583301567	0.983583301567	0.983583301567	0.983583301567	0.983583301567	0.983583301567	1.00249523062	1.06463588766	1.06463588766	1.06463588766	1.06463588766	1.06463588766	1.06463588766	1.06463588766	1.06463588766	1.06463588766
3	BeetleFly	1.24207876153	0.956082788997	0.65656484358	0.956082788997	0.956082788997	0.956082788997	0.956082788997	0.956082788997	0.956082788997	0.956082788997	0.956082788997	0.956082788997	1.10051303246	1.38629436112	0.881302394809	1.25569696905	1.23925014562	1.23925014562	1.23925014562	1.23925014562	1.23925014562	0.881302394809	0.881302394809	0.823959216501	1.1935496041	1.10051303246	1.10051303246	1.12869203247	1.37116721442	1.1935496041	1.1935496041	1.1935496041	1.1935496041
4	CBF	1.17659078342	1.2498009243	0.842812950328	1.28809817046	0.842812950328	0.842812950328	1.36251506348	1.36251506348	1.36251506348	1.36251506348	1.28809817046	1.28809817046	1.17659078342	1.50183722761	1.17659078342	1.50183722761	1.19072153189	1.24461566885	1.24461566885	1.24461566885	1.24461566885	1.24461566885	1.17659078342	1.52289430227	1.46067554489	1.19072153189	1.19072153189	1.41703284361	1.41703284361	1.45255972696	1.17659078342	1.24461566885	1.46067554489
5	Car	1.43550232496	1.47672669397	1.84621103656	1.47672669397	1.45806318342	1.44934238102	1.34532597147	1.38966165597	1.47672669397	1.47672669397	1.47672669397	1.47672669397	1.43550232496	1.84621103656	1.4520488079	1.49630538545	1.33980851736	1.33980851736	1.38661445219	1.38661445219	1.4520488079	1.4520488079	1.4520488079	1.51656947266	1.4520488079	1.84621103656	1.33980851736	1.33980851736	1.38661445219	1.38661445219	1.38661445219	1.38661445219	1.4520488079
6	ChlorineConcentration	1.0056440995	1.0118556343	1.01803320104	1.0118556343	1.0118556343	1.0118556343	1.0118556343	1.0118556343	1.0118556343	1.0118556343	1.0118556343	1.0118556343	1.0118556343	1.64734247798	1.0118556343	1.01803320104	1.0118556343	1.0118556343	1.0118556343	1.0118556343	1.0118556343	1.0118556343	1.0118556343	1.64734247798	1.0056440995	1.01691275533	1.0056440995	1.0056440995	1.0056440995	1.0056440995	1.0056440995	1.0056440995	1.0056440995
7	CinC_ECG_torso	1.37163441843	1.43288653012	1.15091222762	1.38430164229	1.04914277677	1.27719237855	1.27719237855	1.38430164229	1.38430164229	1.38430164229	1.38430164229	1.38430164229	2.02208913819	1.18941977374	1.83562773089	1.60387855387	1.55513455544	1.83562773089	1.83562773089	1.83562773089	2.02208913819	2.02208913819	1.83562773089	1.55602980871	1.82623752579	1.3295714917	1.53751564587	1.8525940406	1.95133813167	1.84799932768	1.89085867015	1.89085867015	1.84799932768
8	Coffee	-2.22044604925e-16	-2.22044604925e-16	0.420355394148	-2.22044604925e-16	-2.22044604925e-16	-2.22044604925e-16	-2.22044604925e-16	-2.22044604925e-16	-2.22044604925e-16	-2.22044604925e-16	-2.22044604925e-16	-2.22044604925e-16	0.420355394148	1.07951506125	0.420355394148	0.639660207973	-2.22044604925e-16	-2.22044604925e-16	0.420355394148	0.420355394148	0.420355394148	0.420355394148	0.420355394148	0.639660207973	0.845944858305	0.845944858305	0.845944858305	0.845944858305	0.845944858305	0.845944858305	0.845944858305	0.845944858305	0.845944858305
9	Computers	0.713663771799	0.739741604782	1.07960878918	0.713663771799	1.1723790964	1.15081791842	0.900942479907	1.08283463135	1.08283463135	0.713663771799	0.713663771799	0.713663771799	0.713663771799	0.789354786615	0.713663771799	1.00425711039	0.713663771799	0.713663771799	0.713663771799	0.713663771799	0.713663771799	0.713663771799	0.713663771799	0.803972404594	0.713663771799	1.02741521399	0.713663771799	0.713663771799	0.713663771799	0.713663771799	0.713663771799	0.713663771799	0.713663771799
10	Cricket_X	2.50167670135	2.46745509884	3.16035798259	2.43883571127	3.15388436351	3.08979834888	2.77572149383	2.48593386211	2.42935939726	2.51963570406	2.50703902217	2.51358359544	2.50301836326	3.23752924499	2.50301836326	3.33111079018	2.99258893473	2.52270784905	2.50301836326	2.50301836326	2.50301836326	2.50301836326	2.50301836326	3.24048457734	2.50774145084	3.25703570613	2.49415017389	2.50189131171	2.49730957586	2.5030796696	2.50774145084	2.51022004502	2.51022004502
11	Cricket_Y	2.54037329596	2.90129981104	3.11472963414	2.91165952311	3.10462338785	3.1604670711	3.18256819654	2.91411365617	2.87087132528	2.85295374171	2.94448676785	2.93223852798	2.53451776882	3.18148794347	2.53919767787	3.2584139912	3.17166507352	2.54771021707	2.53699525821	2.53716815793	2.53716815793	2.53716815793	2.53919767787	3.23367282085	2.53881969854	3.12739965131	3.03028953167	2.5461408359	2.53721505948	2.53565359631	2.53565359631	2.53565359631	2.53881969854
12	Cricket_Z	2.50934764203	2.57040833892	3.14656262137	2.57847302668	3.05618884418	2.76457373507	2.79970084494	2.49491832634	2.52971149795	2.47419988399	2.52957213548	2.52655212822	2.54467524487	3.15933231515	2.5279344176	3.38526596914	2.57431107138	2.5413107426	2.53270171082	2.52437981668	2.51046207103	2.53113318965	2.53038942351	3.1707287127	2.51617584762	3.31135450133	2.52338962293	2.51254797665	2.51071861755	2.51071861755	2.51071861755	2.51071861755	2.51254797665
13	DiatomSizeReduction	0.0	0.0	0.0	0.0	0.0	0.0	0.0	0.0	0.0	0.0	0.0	0.0	0.0	0.0	0.0	0.0	0.0	0.0	0.0	0.0	0.0	0.0	0.0	0.0	0.0	0.0	0.0	0.0	0.0	0.0	0.0	0.0	0.0
14	DistalPhalanxOutlineAgeGroup	1.44670352864	1.42266021041	1.15199570362	1.4413055365	1.29765896762	1.17529130529	1.17529130529	1.1985376416	1.28405681462	1.29765896762	1.38050269977	1.4413055365	1.13242337005	1.13242337005	1.38058121061	1.13242337005	1.13242337005	1.31752727159	1.31752727159	1.13242337005	1.13242337005	1.24828808675	1.24828808675	1.13242337005	1.38058121061	1.38164393357	1.38164393357	1.29299487523	1.38058121061	1.38058121061	1.38058121061	1.38058121061	1.38058121061
15	DistalPhalanxOutlineCorrect	0.696811223274	0.696811223274	0.696811223274	0.696811223274	0.696811223274	0.696811223274	0.696811223274	0.696811223274	0.696811223274	0.696811223274	0.696811223274	0.696811223274	0.696811223274	0.696811223274	0.696811223274	0.696811223274	0.696811223274	0.696811223274	0.696811223274	0.696811223274	0.696811223274	0.696811223274	0.696811223274	0.696811223274	0.696811223274	0.696811223274	0.696811223274	0.696811223274	0.696811223274	0.696811223274	0.696811223274	0.696811223274	0.696811223274
16	DistalPhalanxTW	1.41031714674	1.55946416185	1.22882834777	1.61346199544	1.30547854209	1.35645496002	1.52403614485	1.42719320698	1.37393029158	1.61346199544	1.61346199544	1.61346199544	1.34942561418	1.32655824249	1.36628066745	1.36628066745	1.36628066745	1.35544565238	1.35544565238	1.35544565238	1.35544565238	1.36628066745	1.36628066745	1.54620438645	1.41057279896	1.5664332295	1.58652782051	1.59512254305	1.39305889186	1.74559358759	1.56010607042	1.56010607042	1.58081710527
17	ECG200	0.921389729874	0.669376149312	1.00865832144	1.00865832144	1.00865832144	1.00865832144	1.00865832144	1.00865832144	1.00865832144	1.00865832144	1.00865832144	1.00865832144	0.944131412817	1.00865832144	0.944131412817	1.02746014521	0.861521440071	0.921389729874	0.944131412817	0.944131412817	0.944131412817	0.944131412817	0.944131412817	1.00865832144	0.944131412817	0.977610624786	0.977610624786	0.921389729874	0.963994855776	0.963994855776	0.921389729874	0.944131412817	0.944131412817
18	ECG5000	0.438997566287	0.379430766462	0.923554224967	0.378241619505	0.39853328251	0.393837676947	0.373562862598	0.378241619505	0.39853328251	0.378241619505	0.378241619505	0.378241619505	0.362917912205	0.937696427578	0.353593926012	0.386787729033	0.379430766462	0.41723580977	0.401922358924	0.364096855035	0.364096855035	0.359411453597	0.364096855035	1.06132037644	0.449143679377	0.421438004282	0.41657090484	0.450086850458	0.424355147152	0.487716959905	0.455047203723	0.457741631284	0.449143679377
19	ECGFiveDays	1.23824434422	1.23824434422	0.763482082105	1.35370017725	1.358579714	1.35370017725	1.35370017725	1.35370017725	1.35370017725	1.35370017725	1.35370017725	1.35370017725	1.23824434422	1.358579714	1.23824434422	1.35370017725	1.35370017725	1.35370017725	1.35370017725	1.23824434422	1.23824434422	1.23824434422	1.23824434422	0.763482082105	1.35370017725	1.358579714	1.35370017725	1.35370017725	1.35370017725	1.35370017725	1.35370017725	1.35370017725	1.35370017725
20	Earthquakes	0.602779196654	0.602779196654	0.655757946408	0.602779196654	0.602779196654	0.602779196654	0.602779196654	0.602779196654	0.602779196654	0.602779196654	0.602779196654	0.602779196654	0.602779196654	0.631195035438	0.602779196654	1.0718034493	0.602779196654	0.602779196654	0.602779196654	0.602779196654	0.602779196654	0.602779196654	0.602779196654	0.631195035438	0.602779196654	1.24408943439	0.602779196654	0.602779196654	0.602779196654	0.602779196654	0.602779196654	0.602779196654	0.602779196654
21	FISH	2.30924316	2.29995034273	2.36771813077	2.17973366228	2.30763283295	2.27490304302	2.39210307143	2.39851497498	2.34711114769	2.24416250849	2.19618457581	2.26086929829	2.11277412878	2.40581453861	2.22876427837	2.40407582116	2.38585784964	2.32456091249	2.34201035999	2.32776475171	2.33193511231	2.33193511231	2.20002690911	2.42996119854	2.35103640575	2.33372954332	2.23125333259	2.36157414823	2.33406063995	2.33406063995	2.38195085582	2.32906601274	2.35103640575
22	FaceFour	1.22111854372	1.33086985039	1.00777399244	1.33086985039	1.34482853263	1.34482853263	1.34482853263	1.15310711745	1.33086985039	1.33086985039	1.33086985039	1.33086985039	1.22111854372	1.10438074442	0.89951000688	1.10438074442	1.10438074442	0.89951000688	0.89951000688	0.89951000688	0.89951000688	0.89951000688	0.89951000688	0.955392207082	1.05071120878	1.21413681876	1.21413681876	0.89951000688	0.89951000688	0.89951000688	0.89951000688	0.89951000688	0.89951000688
23	FacesUCR	2.79557102778	2.60325552137	2.48568622194	2.68199146957	2.79721759842	2.57844854854	2.66623916373	2.61958223772	2.7252365383	2.69793993805	2.71249509635	2.7029619638	2.67511004095	2.45127132814	2.48721827272	2.30416800336	2.32817547786	2.45988391708	2.50473458463	2.5269390688	2.55924667697	2.54518467717	2.47427257946	2.5107729046	2.77838550192	2.58405785726	2.60928709379	2.56760876575	2.7062119097	2.70974032626	2.73362484487	2.68993406047	2.73285271563
24	FordA	0.715656431964	0.697838356866	1.0066970154	0.697838356866	0.968686339581	0.697838356866	0.697838356866	0.697838356866	0.697838356866	0.697838356866	0.697838356866	0.697838356866	0.712515274949	1.30023041531	0.715656431964	1.36108500086	1.37557693335	1.2940569019	1.33571071437	1.38165718928	1.36205705477	1.37044140706	1.37185481771	1.34904976805	0.717434051107	1.27132116171	1.34986873732	1.38128779039	0.737263794637	0.712515274949	0.715656431964	0.701983940157	0.742654769249
25	FordB	0.700862616966	0.943346095099	0.862756625445	0.946180307474	0.908990518662	0.926522180593	0.940295568745	0.706910705894	0.943346095099	0.944777988718	1.02821039476	0.938912070173	0.794208935397	1.23531423649	0.748530896314	1.33680426268	1.36859814549	1.1968448284	1.37513760944	1.30075075558	0.722902741758	0.712308149074	0.717281414418	1.37293826043	0.700862616966	1.38485754994	1.3476567667	0.769734213091	0.733096236611	0.717281414418	0.706910705894	0.721938051821	0.706910705894
26	Ham	0.730593661387	0.97670878564	0.756099463148	0.97670878564	0.730593661387	0.987003003604	0.875349877624	0.97670878564	0.97670878564	0.97670878564	0.97670878564	0.97670878564	0.730593661387	0.730593661387	0.730593661387	0.730593661387	0.730593661387	0.730593661387	0.730593661387	0.730593661387	0.730593661387	0.730593661387	0.730593661387	0.730593661387	0.97670878564	0.730593661387	0.730593661387	0.820204326559	0.97670878564	0.732293872178	0.732293872178	0.97670878564	0.97670878564
27	HandOutlines	0.666244418088	0.666244418088	0.666244418088	0.666244418088	0.666244418088	0.666244418088	0.666244418088	0.666244418088	0.666244418088	0.666244418088	0.666244418088	0.666244418088	0.666244418088	0.666244418088	0.666244418088	0.666244418088	0.666244418088	0.666244418088	0.666244418088	0.666244418088	0.666244418088	0.666244418088	0.666244418088	0.666244418088	0.666244418088	0.666244418088	0.666244418088	0.666244418088	0.666244418088	0.666244418088	0.666244418088	0.666244418088	0.666244418088
28	Haptics	2.4020944381	2.23417956776	1.81662129268	2.20882941877	1.81662129268	1.77338739054	1.68805015494	1.68805015494	1.72004552016	1.72004552016	1.72004552016	1.72004552016	2.23282479375	1.81305006155	2.1827593827	1.81387385732	1.76231757378	1.76231757378	1.76231757378	2.27915991338	2.20004424168	2.19533345865	2.1827593827	2.17932391787	2.28803508206	1.82142011744	1.77031686177	1.77031686177	1.77434370856	2.19783580416	2.21841070511	2.24390473431	2.28442907993
29	Herring	0.733874190638	0.733874190638	0.733874190638	0.733874190638	0.733874190638	0.733874190638	0.733874190638	0.733874190638	0.733874190638	0.733874190638	0.733874190638	0.733874190638	0.733874190638	0.733874190638	0.733874190638	0.733874190638	0.733874190638	0.733874190638	0.733874190638	0.733874190638	0.733874190638	0.733874190638	0.733874190638	0.85754444198	0.733874190638	0.733874190638	0.733874190638	0.733874190638	0.733874190638	0.733874190638	0.733874190638	0.733874190638	0.733874190638
30	InlineSkate	2.43147224298	2.73800782285	2.38096546651	2.72442444098	2.6365825137	2.62864426622	2.67478887649	2.68819043016	2.68819043016	2.67478887649	2.67314787653	2.72442444098	2.72551750955	2.52063318142	2.6865494302	2.32744609404	2.62364690324	2.68708834007	2.6775167937	2.6865494302	2.6865494302	2.6865494302	2.6865494302	2.6092854679	2.6865494302	2.62266815518	2.62364690324	2.6370484569	2.65867059734	2.68856298155	2.68856298155	2.68856298155	2.6865494302
31	ItalyPowerDemand	0.971014742814	1.12315806261	0.971014742814	1.12315806261	0.971014742814	0.971014742814	0.971014742814	0.971014742814	0.971014742814	0.971014742814	0.971014742814	1.12315806261	0.971014742814	0.971014742814	0.971014742814	0.971014742814	0.971014742814	0.971014742814	0.971014742814	0.971014742814	0.971014742814	0.971014742814	0.971014742814	0.971014742814	0.971014742814	0.971014742814	0.971014742814	0.971014742814	0.971014742814	0.971014742814	0.971014742814	0.971014742814	0.971014742814
32	LargeKitchenAppliances	1.12376581851	1.25135508472	1.12380882973	1.19844981119	1.36837791045	1.21475587252	1.21475587252	1.2749911917	1.26496108403	1.26496108403	1.26496108403	1.19844981119	1.12376581851	1.12380882973	1.12376581851	1.3281087059	1.12376581851	1.12376581851	1.12376581851	1.12376581851	1.12376581851	1.12376581851	1.12376581851	1.12380882973	1.12376581851	1.86430693432	1.12376581851	1.12376581851	1.12376581851	1.12376581851	1.12376581851	1.12376581851	1.12376581851
33	Lighting2	0.70762389143	0.852038400247	1.23095050504	1.10261391984	1.15927248197	1.17047081829	1.17047081829	0.852038400247	1.17047081829	1.17047081829	1.17047081829	1.10261391984	0.70762389143	0.724568281651	0.70762389143	1.06970673259	0.70762389143	0.70762389143	0.70762389143	0.70762389143	0.70762389143	0.70762389143	0.70762389143	0.724568281651	0.70762389143	1.06970673259	0.70762389143	0.70762389143	0.70762389143	0.70762389143	0.70762389143	0.70762389143	0.70762389143
34	Lighting7	1.88633162174	1.82695673269	1.61639549749	1.84774981597	1.7693372589	1.87677868249	1.77200511562	1.77200511562	1.77200511562	1.77200511562	1.84774981597	1.84774981597	1.81323501191	1.81713760786	1.81323501191	1.98555319077	1.87698617416	1.87698617416	1.81323501191	1.81323501191	1.82751579479	1.81323501191	1.81323501191	1.65641223181	1.81323501191	1.74625696173	1.80073009045	1.80073009045	1.83209037793	1.83209037793	1.86999286213	1.86999286213	1.87307395659
35	MALLAT	0.89682177186	0.854429717516	0.565343978269	0.881130022453	0.473543407951	0.473543407951	0.473543407951	0.603142004627	0.854429717516	0.854429717516	0.603142004627	0.603142004627	0.89682177186	0.675186224114	0.697785265916	0.697785265916	0.697785265916	0.697785265916	0.697785265916	0.697785265916	0.697785265916	0.697785265916	0.697785265916	0.63501826829	0.888729643865	0.63501826829	0.63501826829	0.682093516509	0.89682177186	0.89682177186	0.89682177186	0.89682177186	0.888729643865
36	Meat	0.528269868155	0.528269868155	0.528269868155	0.528269868155	0.528269868155	0.528269868155	0.528269868155	0.528269868155	0.528269868155	0.528269868155	0.528269868155	0.528269868155	0.528269868155	0.528269868155	0.528269868155	0.528269868155	0.528269868155	0.528269868155	0.528269868155	0.528269868155	0.528269868155	0.528269868155	0.528269868155	0.528269868155	0.528269868155	0.528269868155	0.528269868155	0.528269868155	0.528269868155	0.528269868155	0.528269868155	0.528269868155	0.528269868155
37	MedicalImages	1.9875494424	2.48846734326	2.04952995301	2.56189895069	2.34927207423	2.29279135589	2.43218088245	2.40038961441	2.41031246579	2.40779552458	2.2526131386	2.42280785927	2.07993310203	1.94481328997	2.08650926739	2.21072974087	2.13949985283	2.34578295067	2.33880764065	2.19379816456	2.10714301053	2.10714301053	2.08650926739	2.00143669336	1.81542703064	1.87736794358	2.10985963035	2.05827059487	2.05308474128	2.00960756274	1.91754752261	1.81542703064	1.81542703064
38	MiddlePhalanxOutlineAgeGroup	1.61588128107	1.60762855822	1.57832289808	1.59517351422	1.5768300148	1.59434974292	1.59434974292	1.5949687487	1.59517351422	1.57349947948	1.57491141481	1.59517351422	1.60559751965	1.5768300148	1.59185714297	1.57832289808	1.57939459456	1.58004896541	1.57939459456	1.57939459456	1.59337228978	1.59337228978	1.59337228978	1.5768300148	1.60682223216	1.59434974292	1.57939459456	1.59434974292	1.57939459456	1.57939459456	1.60682223216	1.60682223216	1.60682223216
39	MiddlePhalanxOutlineCorrect	0.712587324321	0.778827213917	0.778827213917	0.749865801936	0.75998750576	0.778827213917	0.75998750576	0.841952018136	0.794616283824	0.75998750576	0.75998750576	0.75998750576	0.712587324321	0.712587324321	0.942391622971	0.700291696529	0.700291696529	0.75998750576	0.700291696529	0.700291696529	0.700291696529	0.712587324321	0.700291696529	0.700291696529	0.723040861834	0.712587324321	0.723040861834	0.778827213917	0.700291696529	0.712587324321	0.700291696529	0.700291696529	0.700291696529
40	MiddlePhalanxTW	1.72419050599	1.79487998363	1.79208425374	1.71275206275	1.74037599687	1.74037599687	1.76782037948	1.73821207118	1.55361898301	1.55361898301	1.69189513961	1.68005403313	1.72631033422	1.71768324561	1.72474260557	1.72536032399	1.72536032399	1.68833499022	1.68833499022	1.65992036761	1.65992036761	1.67572585547	1.72474260557	1.71744660781	1.7263709647	1.72752625182	1.72536032399	1.68005607146	1.68005607146	1.69347844634	1.69347844634	1.69380356884	1.69543192798
41	MoteStrain	0.819714910606	1.38629436112	1.37116721442	1.37116721442	1.32957651059	1.36615884757	1.36615884757	1.36615884757	1.37116721442	1.37116721442	1.37116721442	1.37116721442	0.819714910606	1.04379518193	0.819714910606	0.819714910606	0.819714910606	0.819714910606	0.819714910606	0.819714910606	0.819714910606	0.819714910606	0.819714910606	1.04379518193	0.819714910606	0.819714910606	0.819714910606	0.819714910606	0.819714910606	0.819714910606	0.819714910606	0.819714910606	0.819714910606
42	NonInvasiveFatalECG_Thorax1	2.18864634192	2.10986958772	2.29291169215	1.96930974407	2.0919674079	2.10026242158	2.2367203434	2.11207406558	2.12558546587	2.04226815265	2.09926311424	2.04758944174	2.240503703	2.55524790257	2.04850867543	2.39427928207	2.15623694433	2.17531619078	2.09883649298	2.13106453047	2.09219926036	2.08830762462	2.26399320829	2.51078310599	2.18351116318	2.31070178404	2.11829416368	2.06251797426	2.12662121412	2.13243512468	2.16920248781	2.14804244677	2.07903978648
43	NonInvasiveFatalECG_Thorax2	1.69475962916	1.717403701	2.01979114325	1.67343538244	1.61337515141	1.61370404561	1.59859653397	1.49428647156	1.68542759718	1.71237864463	1.55920263071	1.62314653273	1.6898505064	1.8631622712	1.65619710674	1.81873052245	1.72325495378	1.61460236778	1.66332490717	1.65496917342	1.60768948763	1.67398843514	1.66145333241	1.94172126595	1.68220488053	1.82277384524	1.62079220038	1.79348588121	1.76847027246	1.60432632283	1.77163357129	1.76514920341	1.68677714896
44	OSULeaf	2.69296766905	1.77108443351	1.8842359967	1.83328610283	1.78650855688	1.58270403017	1.63820413338	1.64197754168	1.85623369624	1.90351711703	1.85623369624	1.85623369624	2.5490149467	2.65094335417	2.64839103596	2.61427337088	2.63256375167	2.56131107373	2.6041672495	2.68996921739	2.62216209644	2.62867926915	2.62867926915	2.5195144915	2.50981582909	2.57492509298	2.63144621454	2.64852793431	2.59152781469	2.5471273908	2.5764074075	2.66652287932	2.66705666936
45	PhalangesOutlinesCorrect	0.650305115814	0.650305115814	0.650305115814	0.650305115814	0.650305115814	0.650305115814	0.650305115814	0.650305115814	0.650305115814	0.650305115814	0.650305115814	0.650305115814	0.650305115814	0.653082501772	0.650305115814	0.653082501772	0.653082501772	0.653082501772	0.653082501772	0.653082501772	0.653082501772	0.650305115814	0.650305115814	0.650305115814	0.650305115814	0.650305115814	0.650305115814	0.650305115814	0.650305115814	0.650305115814	0.650305115814	0.650305115814	0.650305115814
46	Phoneme	3.25941181824	3.34471733273	3.37812244576	3.37581363394	3.37592790562	3.40802935266	3.40472863347	3.45915068726	3.48518580872	3.35775274234	3.34073312356	3.33030585481	3.25694979018	3.25991143146	3.24284929781	3.45120783576	3.64377145595	3.18291230822	3.29943474733	3.22900468746	3.20800455064	3.19216908251	3.2027561473	3.31079881473	3.21670134424	3.48037998212	3.31207147509	3.18295002199	3.2311967451	3.22996237035	3.24765282684	3.22228427636	3.21849949941
47	Plane	0.581826937766	0.581826937766	0.521973607909	0.581826937766	0.615219746245	0.615219746245	0.581826937766	0.581826937766	0.581826937766	0.581826937766	0.581826937766	0.581826937766	0.595158370105	0.743667275598	0.596508291867	0.615219746245	0.615219746245	0.615219746245	0.596508291867	0.596508291867	0.596508291867	0.596508291867	0.596508291867	0.743667275598	0.581826937766	0.615219746245	0.615219746245	0.615219746245	0.615219746245	0.615219746245	0.596508291867	0.596508291867	0.596508291867
48	ProximalPhalanxOutlineAgeGroup	0.820399973159	0.829085844049	0.829085844049	0.838974170976	0.821422563688	0.829085844049	0.820399973159	0.829085844049	0.829085844049	0.829085844049	0.829085844049	0.881832064663	0.838974170976	0.854702286673	0.829085844049	0.829085844049	0.829085844049	0.820399973159	0.820399973159	0.838974170976	0.820399973159	0.838974170976	0.838974170976	0.846016415783	0.820399973159	1.0561145124	1.08598903667	0.820399973159	1.06480389838	1.06480389838	0.820399973159	0.820399973159	0.820399973159
49	ProximalPhalanxOutlineCorrect	0.644146422838	0.644146422838	0.644146422838	0.644146422838	0.644146422838	0.644146422838	0.644146422838	0.644146422838	0.644146422838	0.644146422838	0.644146422838	0.644146422838	0.644146422838	0.644146422838	0.644146422838	0.644146422838	0.644146422838	0.644146422838	0.644146422838	0.644146422838	0.644146422838	0.644146422838	0.644146422838	0.644146422838	0.644146422838	0.644146422838	0.644146422838	0.644146422838	0.644146422838	0.644146422838	0.644146422838	0.644146422838	0.644146422838
50	ProximalPhalanxTW	0.870686876417	1.12404801104	1.06307511175	1.12404801104	1.11391447359	1.08748311653	1.14646868719	1.06883868855	1.21638800727	1.05637660681	0.870686876417	0.870686876417	0.870686876417	1.12362699996	1.1106140109	1.19907069525	1.33630434992	1.1853373204	1.1372648963	1.13923371015	0.870686876417	0.870686876417	1.1106140109	1.12362699996	0.870686876417	1.26277170796	1.18846117879	1.18684936895	1.34445733833	1.14914083358	1.14914083358	1.14027588178	0.870686876417
51	RefrigerationDevices	1.15029991293	1.39589918189	1.61898572907	1.34764675519	1.59892712501	1.59741096051	1.34764675519	1.60290581544	1.60290581544	1.60290581544	1.34764675519	1.34764675519	1.12376581851	1.42953346809	1.14890458455	1.61748389084	1.14011459954	1.12380882973	1.12380882973	1.13259164627	1.13259164627	1.12380882973	1.14890458455	1.49841030816	1.14890458455	1.5745665345	1.12380882973	1.12376581851	1.12376581851	1.12376581851	1.12376581851	1.12380882973	1.12380882973
52	ScreenType	1.12376581851	1.12380882973	1.5807845546	1.57453990065	1.63802075966	1.28723277356	1.28723277356	1.57095124117	1.55612595845	1.6189307395	1.6249829411	1.58003712557	1.12376581851	1.24059785249	1.12380882973	1.43697634604	1.12380882973	1.12380882973	1.12380882973	1.12380882973	1.12380882973	1.12376581851	1.12376581851	1.24977028813	1.12376581851	1.56940390972	1.12380882973	1.12380882973	1.12380882973	1.12380882973	1.12380882973	1.12380882973	1.12376581851
53	ShapesAll	2.75592115356	2.54793613779	2.48145430037	2.52195017423	2.43161998472	2.50463366464	2.50008929252	2.48512661929	2.52617194277	2.52462291929	2.48952769379	2.49987288409	2.74110552044	2.60214811076	2.74187608811	2.62713369296	2.64874819757	2.69304406709	2.6918976396	2.73521365121	2.73049728281	2.71612885986	2.72508398319	2.65359675247	2.77820959899	2.66887327961	2.66717917733	2.74721109305	2.71716573272	2.76160233713	2.73599968375	2.75512564948	2.77039601029
54	SmallKitchenAppliances	1.13259164627	1.60554908605	1.14138092615	1.54553226951	1.19848140864	1.49347720582	1.54473224762	1.5970405626	1.52530094328	1.57899877683	1.50807569699	1.53148702143	1.12376581851	1.14138092615	1.12376581851	1.96234378793	1.12376581851	1.12376581851	1.12376581851	1.12376581851	1.12376581851	1.12376581851	1.12376581851	1.14138092615	1.12376581851	1.25029824538	1.12376581851	1.12376581851	1.12376581851	1.12376581851	1.12376581851	1.12376581851	1.12376581851
55	SonyAIBORobotSurface	0.682685784029	0.66768982964	0.604043522585	0.66768982964	0.604043522585	0.604043522585	0.604043522585	0.604043522585	0.604043522585	0.604043522585	0.604043522585	0.604043522585	0.66768982964	0.66768982964	0.682685784029	0.66768982964	0.66768982964	0.682685784029	0.682685784029	0.66768982964	0.682685784029	0.682685784029	0.682685784029	0.682685784029	0.682685784029	0.682685784029	0.682685784029	0.682685784029	0.682685784029	0.682685784029	0.682685784029	0.682685784029	0.682685784029
56	SonyAIBORobotSurfaceII	1.02002553584	0.942121677146	0.832878149907	0.940733814265	0.940733814265	0.940733814265	0.940733814265	0.940733814265	0.940733814265	0.940733814265	0.940733814265	0.940733814265	0.940733814265	0.940733814265	0.940733814265	0.940733814265	0.940733814265	0.940733814265	0.940733814265	0.940733814265	0.940733814265	0.940733814265	0.940733814265	0.940733814265	1.02002553584	0.940733814265	0.940733814265	0.940733814265	0.940733814265	0.940733814265	1.02002553584	1.02002553584	1.02002553584
57	StarLightCurves	0.991495231928	0.523408201769	0.761866200859	0.427612517856	0.528287434115	0.516551297001	0.515264301532	0.509897761396	0.509897761396	0.507079296588	0.415244891965	0.427612517856	0.997100048677	0.812559501044	0.997100048677	0.794595049662	0.769159585795	1.30860193387	1.26928828993	1.30339412315	0.997100048677	1.00770023999	1.00770023999	0.775484378639	0.993123098857	0.378902045631	0.975018596238	0.993123098857	0.993123098857	0.993123098857	0.993123098857	0.993123098857	0.993123098857
58	Strawberry	0.861311943793	0.861311943793	0.840941097944	0.831965828013	0.836516303282	0.836516303282	0.836516303282	0.812412642634	0.831965828013	0.812412642634	0.831965828013	0.831965828013	0.861311943793	0.667821679204	0.831965828013	0.667821679204	0.85746030793	0.691452260202	0.85746030793	0.85746030793	0.85746030793	0.831965828013	0.831965828013	0.667821679204	0.831965828013	0.667821679204	0.836516303282	0.812412642634	0.812412642634	0.812412642634	0.812412642634	0.85746030793	0.831965828013
59	SwedishLeaf	2.69958707505	2.306491167	2.36813587646	2.39483889933	2.35302862634	2.31191341067	2.44838690278	2.48751485099	2.32739740261	2.43094984253	2.47980249517	2.50389238971	2.68466213797	2.70637119484	2.7128538743	2.79245239537	2.78163532143	2.7720925513	2.72304287473	2.73472789005	2.76412868829	2.75505848248	2.72206732845	2.61349098563	2.74549309241	2.78929199748	2.74948874475	2.70739128038	2.7162427102	2.70893203585	2.75871526255	2.73729690338	2.73729690338
60	ToeSegmentation1	1.32087709326	0.98928853832	0.891662423906	1.32087709326	1.32957651059	1.32087709326	1.30401148261	1.32087709326	1.32087709326	1.32087709326	1.32087709326	1.32087709326	0.98928853832	1.37244305255	1.01823015395	1.36615884757	1.0641690805	1.0641690805	1.38253651563	1.38253651563	1.38253651563	1.01823015395	1.01823015395	1.37116721442	1.37244305255	1.37244305255	1.38253651563	1.38629436112	1.38629436112	1.22272090798	1.3557209663	1.37244305255	1.37244305255
61	ToeSegmentation2	0.780775790395	1.0419792764	0.830300104347	0.758219268802	0.953628256687	0.969702448523	1.05941239812	1.05941239812	0.758219268802	1.05941239812	1.05941239812	1.05941239812	0.780775790395	1.36916396883	1.21517168375	1.36916396883	1.36916396883	1.38010875716	1.38010875716	1.31572373621	1.21517168375	1.21517168375	1.21517168375	1.34837444779	0.780775790395	1.36916396883	1.34837444779	1.31689619313	1.34837444779	1.34837444779	0.780775790395	0.780775790395	0.780775790395
62	Trace	1.47914883576	0.885465264522	0.906168686825	0.402075484722	0.536818430766	0.402075484722	0.402075484722	0.402075484722	0.402075484722	0.402075484722	0.402075484722	0.452672402615	1.47771526935	1.05927258236	1.54901691439	1.03376396312	0.776297885002	0.776297885002	1.20352783264	1.54901691439	1.54901691439	1.54901691439	1.54901691439	1.05927258236	1.64983056863	1.05927258236	1.05927258236	0.776297885002	1.20352783264	1.54901691439	1.54901691439	1.54901691439	1.64983056863
63	TwoLeadECG	1.22291977271	1.22291977271	1.22291977271	1.22291977271	1.22291977271	1.22291977271	1.22291977271	1.22291977271	1.22291977271	1.22291977271	1.22291977271	1.22291977271	1.22291977271	1.22291977271	1.22291977271	1.22291977271	1.22291977271	1.22291977271	1.22291977271	1.22291977271	1.22291977271	1.22291977271	1.22291977271	1.22291977271	1.22291977271	1.22291977271	1.22291977271	1.22291977271	1.22291977271	1.22291977271	1.22291977271	1.22291977271	1.22291977271
64	Two_Patterns	1.44310464861	1.83245148968	2.3265871024	2.37381006726	2.50944217504	2.30803710713	2.59025066277	2.5703244754	2.57527611465	2.38146173544	2.43514270396	2.09035902536	1.53859760078	2.41344112926	2.6267572322	2.57503659912	2.64815360392	2.56797005362	2.65475243887	2.63153030575	2.63422942998	2.59666438699	2.36268809423	2.42197566578	2.72448330611	2.53070325147	2.61168845545	2.61292317492	2.72244293382	2.44908121201	2.64939704589	2.60784900977	2.63662439867
65	UWaveGestureLibraryAll	2.12169653535	2.36803074242	1.81673692873	2.23737284765	1.93862033459	1.66147428479	1.85067720824	1.93366057064	2.15760980192	2.22649637685	2.07881228954	2.26767228051	2.05395088831	1.22106225728	1.94111932703	1.37413524568	1.28047435062	1.28617373336	1.56356357844	1.84522433654	1.99818518767	2.05028273943	1.96350567673	1.18185213408	2.14289676808	1.24265021892	1.35611780396	1.33472506704	1.39822184129	1.59693952078	1.78325137815	1.74152557402	2.12221749558
66	Wine	0.81604196007	0.81604196007	0.81604196007	0.81604196007	0.81604196007	0.81604196007	0.81604196007	0.81604196007	0.81604196007	0.81604196007	0.81604196007	0.81604196007	0.81604196007	0.81604196007	0.81604196007	0.81604196007	0.81604196007	0.81604196007	0.81604196007	0.81604196007	0.81604196007	0.81604196007	0.81604196007	0.81604196007	0.81604196007	0.81604196007	0.81604196007	0.81604196007	0.81604196007	0.81604196007	0.81604196007	0.81604196007	0.81604196007
67	WordsSynonyms	2.96013788041	2.84697142016	2.30876264432	2.71007155532	2.57497819372	2.50151315687	2.69627885716	2.56036689909	2.6740430373	2.7405489755	2.64413392729	2.65627194771	2.94675482672	2.65569540221	3.07786286616	2.80348524952	2.87330872632	2.83047979399	2.88067672018	2.8829903858	2.97529647896	2.95788944714	3.0452170543	2.67892875071	2.91163971122	2.63550368979	2.83061661392	2.76857948988	2.82257067006	2.85187170502	2.85038562881	2.91151248517	2.94050537311
68	Worms	2.05883988829	1.6201762005	1.56679654679	1.47524830386	2.03762047394	1.53634221427	1.53634221427	1.53634221427	1.53634221427	1.46310398765	1.42883350713	1.47524830386	1.69331580209	2.69466356646	2.47444986796	2.63406124732	2.54712148865	2.79370948342	2.66525469253	2.56512485527	2.57625603066	2.54480934004	2.54480934004	2.51795029315	2.16528048357	2.64253728312	2.68117284267	2.65016563919	2.61680743404	2.53242517208	2.54542851879	2.17628497248	2.58181669425
69	WormsTwoClass	0.737559977612	0.737559977612	0.737559977612	0.737559977612	0.737559977612	0.737559977612	0.737559977612	0.737559977612	0.737559977612	0.737559977612	0.737559977612	0.737559977612	0.737559977612	1.36869603199	1.35061712153	1.33851297455	1.36829603891	1.29260094983	1.26536381054	1.36575677401	1.34188002922	1.3528286824	1.3528286824	1.3528286824	0.773774812757	1.35755297905	1.36575880458	1.2467273912	1.35142251237	0.737559977612	1.32202964496	0.737559977612	0.845997568139
70	synthetic_control	0.813088384456	0.504101337971	0.646303410217	0.504101337971	0.692479907965	0.690871281587	0.591501807863	0.591501807863	0.591501807863	0.591635176775	0.591635176775	0.504101337971	0.823930765176	1.35869527924	1.2414714536	1.30551669619	1.2650114606	1.07680509454	1.33986504044	0.969321117161	1.15719538072	1.0644873588	1.0644873588	1.44674927461	1.07982551387	1.41787041089	1.42000003408	1.42981038287	1.44173572014	1.35981928206	1.08571920018	1.09863059939	1.36480496051
71	uWaveGestureLibrary_X	2.14673684689	2.39647352771	2.12034778918	2.22054388863	2.14042775613	2.1340194564	2.12985035641	2.10628035732	2.24929665863	2.25548428425	2.24907175607	2.14771218061	2.1439746127	2.37179079653	2.16366268669	2.1353747252	2.20630875818	2.2017288818	2.17449677374	2.12388931579	2.14222234855	2.13624949689	2.19529247852	2.01842280872	2.15338154877	2.2554833546	1.94648732784	2.0555680308	2.12422459252	2.19556575064	2.09571416355	2.1700335525	2.13766373542
72	uWaveGestureLibrary_Y	2.13866498852	2.23626766168	2.24758186104	2.22061246596	2.3610637695	2.02669144825	2.27123837538	2.26362553683	2.23293807871	2.22235650575	2.35073242725	2.21601939838	2.0374777671	2.07762205971	2.10551291013	1.98707876518	1.93393592414	2.02292168281	1.96747749064	1.98325228708	2.02813791242	1.93832455347	2.01692165459	1.97632445673	2.10486348718	2.08868251463	1.93413829065	2.10287083469	2.05000713969	2.02118034414	2.10197227803	2.01371838638	2.03587814614
73	uWaveGestureLibrary_Z	2.17536763519	2.31646191322	2.13797642417	2.11883939016	1.9565356957	1.93719125818	1.91618392208	1.91992421253	1.91851102222	1.97722329319	2.14256923891	1.95542035349	2.17249798498	2.1939370063	2.07183024172	1.9641047733	2.04857873771	1.84944915585	2.11114959757	2.15545488719	2.12531423601	2.08448885122	1.99840267021	1.94845221928	2.13474068526	1.89137073558	1.84039651092	1.99205705155	1.90530490248	2.01955568489	2.02973493073	1.99100728463	2.03131998948
74	wafer	0.326143930498	0.691207175536	0.737494442233	0.687294270788	0.677139775741	0.67913794421	0.67913794421	0.670102419931	0.670102419931	0.670102419931	0.687294270788	0.687294270788	0.326143930498	0.935087371173	0.326143930498	0.935931089813	0.326143930498	0.326143930498	0.326143930498	0.326143930498	0.326143930498	0.326143930498	0.326143930498	0.935087371173	0.326143930498	0.935087371173	0.326143930498	0.326143930498	0.326143930498	0.326143930498	0.326143930498	0.326143930498	0.326143930498
75	yoga	1.1935522515	1.26456800886	1.2063307756	1.26695117722	1.2264315937	1.22090852211	1.22090852211	1.22090852211	1.22090852211	1.22090852211	1.26204478914	1.26204478914	1.25744414433	1.20008299267	1.26204478914	1.20008299267	1.20008299267	1.1935522515	1.1935522515	1.1935522515	1.1935522515	1.27130477572	1.27130477572	1.21801993037	1.1935522515	1.20008299267	1.20008299267	1.1935522515	1.1935522515	1.1935522515	1.1935522515	1.1935522515	1.1935522515
